Flow,A,B,C,D,E,F,G,FG
0,0.420,0.000,0.040,0.040,0.020,0.480,0.000,0.480
205,0.420,0.000,0.040,0.040,0.020,0.480,0.000,0.480
220,0.407,0.000,0.040,0.040,0.020,0.493,0.000,0.493
230,0.398,0.000,0.040,0.040,0.020,0.502,0.000,0.502
240,0.389,0.000,0.040,0.040,0.020,0.511,0.000,0.511
250,0.380,0.000,0.040,0.040,0.020,0.520,0.000,0.520
260,0.375,0.000,0.040,0.040,0.020,0.526,0.000,0.526
270,0.369,0.000,0.040,0.040,0.020,0.531,0.000,0.531
280,0.364,0.000,0.040,0.040,0.020,0.537,0.000,0.537
290,0.358,0.000,0.040,0.040,0.020,0.542,0.000,0.542
300,0.353,0.000,0.040,0.040,0.020,0.548,0.000,0.548
310,0.347,0.000,0.040,0.040,0.020,0.553,0.000,0.553
320,0.342,0.000,0.040,0.040,0.020,0.559,0.000,0.559
330,0.336,0.000,0.040,0.040,0.020,0.564,0.000,0.564
340,0.331,0.000,0.040,0.040,0.020,0.570,0.000,0.570
350,0.325,0.000,0.040,0.040,0.020,0.575,0.000,0.575
360,0.322,0.000,0.040,0.040,0.020,0.578,0.000,0.578
370,0.319,0.000,0.040,0.040,0.020,0.581,0.000,0.581
380,0.316,0.000,0.040,0.040,0.020,0.584,0.000,0.584
390,0.314,0.000,0.040,0.040,0.020,0.586,0.000,0.586
400,0.311,0.000,0.040,0.040,0.020,0.589,0.000,0.589
410,0.308,0.000,0.040,0.040,0.020,0.592,0.000,0.592
420,0.305,0.000,0.040,0.040,0.020,0.595,0.000,0.595
430,0.303,0.000,0.039,0.040,0.020,0.598,0.000,0.598
440,0.301,0.000,0.038,0.040,0.020,0.601,0.000,0.601
450,0.299,0.000,0.036,0.040,0.020,0.604,0.000,0.604
460,0.298,0.000,0.035,0.040,0.020,0.608,0.000,0.608
470,0.296,0.000,0.034,0.040,0.020,0.611,0.000,0.611
480,0.294,0.000,0.033,0.040,0.020,0.614,0.000,0.614
490,0.292,0.000,0.031,0.040,0.020,0.617,0.000,0.617
500,0.290,0.000,0.030,0.040,0.020,0.620,0.000,0.620
510,0.289,0.000,0.030,0.040,0.020,0.622,0.000,0.622
520,0.287,0.000,0.030,0.040,0.020,0.623,0.000,0.623
530,0.286,0.000,0.030,0.040,0.020,0.625,0.000,0.625
540,0.284,0.000,0.030,0.040,0.020,0.626,0.000,0.626
550,0.283,0.000,0.030,0.040,0.020,0.628,0.000,0.628
560,0.281,0.000,0.030,0.040,0.020,0.629,0.000,0.629
570,0.280,0.000,0.030,0.040,0.020,0.631,0.000,0.631
580,0.278,0.000,0.030,0.040,0.020,0.632,0.000,0.632
590,0.277,0.000,0.030,0.040,0.020,0.634,0.000,0.634
600,0.275,0.000,0.030,0.040,0.020,0.635,0.000,0.635
610,0.274,0.000,0.030,0.040,0.020,0.636,0.000,0.636
620,0.273,0.000,0.030,0.039,0.021,0.637,0.000,0.637
630,0.272,0.000,0.030,0.039,0.021,0.638,0.000,0.638
640,0.271,0.000,0.030,0.039,0.021,0.639,0.000,0.639
650,0.270,0.000,0.030,0.038,0.022,0.640,0.000,0.640
660,0.269,0.000,0.030,0.038,0.022,0.641,0.000,0.641
670,0.268,0.000,0.030,0.038,0.022,0.642,0.000,0.642
680,0.267,0.000,0.030,0.037,0.023,0.643,0.000,0.643
690,0.266,0.000,0.030,0.037,0.023,0.644,0.000,0.644
700,0.265,0.000,0.030,0.037,0.023,0.645,0.000,0.645
710,0.264,0.000,0.030,0.036,0.024,0.646,0.000,0.646
720,0.263,0.000,0.030,0.036,0.024,0.647,0.000,0.647
730,0.262,0.000,0.030,0.036,0.024,0.648,0.000,0.648
740,0.261,0.000,0.030,0.035,0.025,0.649,0.000,0.649
750,0.260,0.000,0.030,0.035,0.025,0.650,0.000,0.650
800,0.254,0.000,0.030,0.034,0.026,0.654,0.002,0.656
850,0.248,0.000,0.030,0.033,0.027,0.658,0.004,0.662
900,0.242,0.000,0.030,0.032,0.028,0.662,0.006,0.668
950,0.236,0.000,0.030,0.031,0.029,0.666,0.008,0.674
1000,0.230,0.000,0.030,0.030,0.030,0.670,0.010,0.680
1100,0.226,0.000,0.030,0.031,0.030,0.670,0.014,0.684
1200,0.222,0.000,0.030,0.031,0.030,0.670,0.017,0.687
1300,0.218,0.000,0.030,0.032,0.030,0.670,0.021,0.691
1400,0.214,0.000,0.030,0.032,0.030,0.670,0.024,0.694
1500,0.210,0.000,0.030,0.033,0.030,0.670,0.028,0.698
1600,0.206,0.000,0.030,0.033,0.030,0.670,0.031,0.701
1700,0.202,0.000,0.030,0.034,0.030,0.670,0.035,0.705
1800,0.198,0.000,0.030,0.034,0.030,0.670,0.038,0.708
1900,0.194,0.000,0.030,0.035,0.030,0.670,0.042,0.712
2000,0.190,0.000,0.030,0.035,0.030,0.670,0.045,0.715
2100,0.188,0.000,0.029,0.036,0.031,0.668,0.048,0.716
2200,0.186,0.000,0.028,0.037,0.032,0.666,0.051,0.717
2300,0.184,0.000,0.027,0.038,0.033,0.664,0.054,0.718
2400,0.182,0.000,0.026,0.039,0.034,0.662,0.057,0.719
2500,0.180,0.000,0.025,0.040,0.035,0.660,0.060,0.720
2600,0.178,0.000,0.025,0.039,0.036,0.659,0.062,0.721
2700,0.177,0.000,0.025,0.039,0.037,0.658,0.064,0.722
2800,0.175,0.000,0.025,0.038,0.038,0.657,0.067,0.723
2900,0.173,0.000,0.025,0.038,0.039,0.656,0.069,0.724
3000,0.172,0.000,0.025,0.037,0.041,0.654,0.071,0.726
3100,0.170,0.000,0.025,0.037,0.042,0.653,0.073,0.727
3200,0.168,0.000,0.025,0.036,0.043,0.652,0.076,0.728
3300,0.167,0.000,0.025,0.036,0.044,0.651,0.078,0.729
3400,0.165,0.000,0.025,0.035,0.045,0.650,0.080,0.730
10000,0.165,0.000,0.025,0.035,0.045,0.650,0.080,0.730
