Date,LaggedDate,VicFalls,Conversion,Flow,Exceedance,Year,Month,Day,MonthId,WaterYear,WaterMonth,WaterDay,WaterWeek,Volume,Flow_difference,Flow_difference_pct
2007-10-01,2007-10-12,298.0019,0.948529666846092,282.6636429265024,0.8180000000000001,2007,10,1,2007.1,2007,1,1,1,0.024422138748849805,0.0,0.0
2007-10-02,2007-10-13,293.9613,0.9498224783759068,279.2110505126035,0.8220000000000001,2007,10,2,2007.1,2007,1,2,1,0.024123834764288938,3.4525924138989126,0.012365529256669101
2007-10-03,2007-10-14,293.9613,0.9498224783759068,279.2110505126035,0.8220000000000001,2007,10,3,2007.1,2007,1,3,1,0.024123834764288938,0.0,0.0
2007-10-04,2007-10-15,293.9613,0.9498224783759068,279.2110505126035,0.8220000000000001,2007,10,4,2007.1,2007,1,4,1,0.024123834764288938,0.0,0.0
2007-10-05,2007-10-16,289.95599999999996,0.9521901028527936,276.09323346278455,0.8280000000000001,2007,10,5,2007.1,2007,1,5,1,0.023854455371184587,3.117817049818939,0.011292623910825394
2007-10-06,2007-10-17,285.986,0.9517517652591158,272.18768033939347,0.838,2007,10,6,2007.1,2007,1,6,1,0.023517015581323592,3.905553123391087,0.014348750533165993
2007-10-07,2007-10-18,278.1512,0.9463034849039272,263.21544989020924,0.851,2007,10,7,2007.1,2007,1,7,1,0.02274181487051408,8.972230449184224,0.03408702054885708
2007-10-08,2007-10-19,278.1512,0.9463034849039272,263.21544989020924,0.851,2007,10,8,2007.1,2007,1,8,2,0.02274181487051408,0.0,0.0
2007-10-09,2007-10-20,278.1512,0.9463034849039272,263.21544989020924,0.851,2007,10,9,2007.1,2007,1,9,2,0.02274181487051408,0.0,0.0
2007-10-10,2007-10-21,276.601,0.9556444090204028,264.33219917945246,0.851,2007,10,10,2007.1,2007,1,10,2,0.02283830200910469,1.1167492892432165,0.004224794757164891
2007-10-11,2007-10-22,276.601,0.9556444090204028,264.33219917945246,0.851,2007,10,11,2007.1,2007,1,11,2,0.02283830200910469,0.0,0.0
2007-10-12,2007-10-23,276.601,0.9556444090204028,264.33219917945246,0.851,2007,10,12,2007.1,2007,1,12,2,0.02283830200910469,0.0,0.0
2007-10-13,2007-10-24,276.601,0.9556444090204028,264.33219917945246,0.851,2007,10,13,2007.1,2007,1,13,2,0.02283830200910469,0.0,0.0
2007-10-14,2007-10-25,274.2861,0.9444827388668044,259.05848696109416,0.856,2007,10,14,2007.1,2007,1,14,2,0.022382653273438535,5.273712218358298,0.02035722620100963
2007-10-15,2007-10-26,266.66,0.9462703585678895,252.33245381571345,0.872,2007,10,15,2007.1,2007,1,15,3,0.02180152400967764,6.726033145380711,0.026655442229769424
2007-10-16,2007-10-27,268.9333,0.9537160360653644,256.48600084197744,0.866,2007,10,16,2007.1,2007,1,16,3,0.022160390472746854,4.153547026263993,0.016194049626993164
2007-10-17,2007-10-28,267.4164,0.9462703585678895,253.0482127149342,0.8690000000000001,2007,10,17,2007.1,2007,1,17,3,0.021863365578570312,3.437788127043234,0.013585506454123812
2007-10-18,2007-10-29,267.4164,0.9462703585678895,253.0482127149342,0.8690000000000001,2007,10,18,2007.1,2007,1,18,3,0.021863365578570312,0.0,0.0
2007-10-19,2007-10-30,267.4164,0.9462703585678895,253.0482127149342,0.8690000000000001,2007,10,19,2007.1,2007,1,19,3,0.021863365578570312,0.0,0.0
2007-10-20,2007-10-31,270.4558,0.9456004681522396,255.7431310944885,0.867,2007,10,20,2007.1,2007,1,20,3,0.022096206526563803,2.694918379554281,0.010537598284735942
2007-10-21,2007-11-01,268.9333,0.9537160360653644,256.48600084197744,0.866,2007,10,21,2007.1,2007,1,21,3,0.022160390472746854,0.7428697474889532,0.0028963364279153765
2007-10-22,2007-11-02,266.66,0.9462703585678895,252.33245381571345,0.872,2007,10,22,2007.1,2007,1,22,4,0.02180152400967764,4.153547026263993,0.016460613620860133
2007-10-23,2007-11-03,266.66,0.9462703585678895,252.33245381571345,0.872,2007,10,23,2007.1,2007,1,23,4,0.02180152400967764,0.0,0.0
2007-10-24,2007-11-04,266.66,0.9462703585678895,252.33245381571345,0.872,2007,10,24,2007.1,2007,1,24,4,0.02180152400967764,0.0,0.0
2007-10-25,2007-11-05,266.66,0.9462703585678895,252.33245381571345,0.872,2007,10,25,2007.1,2007,1,25,4,0.02180152400967764,0.0,0.0
2007-10-26,2007-11-06,266.66,0.9462703585678895,252.33245381571345,0.872,2007,10,26,2007.1,2007,1,26,4,0.02180152400967764,0.0,0.0
2007-10-27,2007-11-07,270.4558,0.9456004681522396,255.7431310944885,0.867,2007,10,27,2007.1,2007,1,27,4,0.022096206526563803,3.41067727877504,0.013336339725640215
2007-10-28,2007-11-08,274.2861,0.9444827388668044,259.05848696109416,0.856,2007,10,28,2007.1,2007,1,28,4,0.022382653273438535,3.315355866605671,0.012797711842976898
2007-10-29,2007-11-09,278.1512,0.9463034849039272,263.21544989020924,0.851,2007,10,29,2007.1,2007,1,29,5,0.02274181487051408,4.156962929115082,0.01579300504909194
2007-10-30,2007-11-10,270.4558,0.9456004681522396,255.7431310944885,0.867,2007,10,30,2007.1,2007,1,30,5,0.022096206526563803,7.472318795720753,0.029218062529155406
2007-10-31,2007-11-11,262.8986,0.9509453195508892,250.00219318648135,0.8740000000000001,2007,10,31,2007.1,2007,1,31,5,0.02160018949131199,5.74093790800714,0.0229635501786373
2007-11-01,2007-11-12,259.1714,0.957986650048282,248.2827412743233,0.879,2007,11,1,2007.11,2007,2,32,5,0.021451628846101536,1.7194519121580356,0.006925378313985356
2007-11-02,2007-11-13,259.1714,0.957986650048282,248.2827412743233,0.879,2007,11,2,2007.11,2007,2,33,5,0.021451628846101536,0.0,0.0
2007-11-03,2007-11-14,255.4785,0.9609371816839836,245.4987897708516,0.887,2007,11,3,2007.11,2007,2,34,5,0.02121109543620158,2.7839515034717124,0.011339980559864474
2007-11-04,2007-11-15,251.8195,0.9681883405773783,243.80870383002514,0.894,2007,11,4,2007.11,2007,2,35,5,0.021065072010914173,1.6900859408264637,0.006932016430409031
2007-11-05,2007-11-16,259.1714,0.957986650048282,248.2827412743233,0.879,2007,11,5,2007.11,2007,2,36,6,0.021451628846101536,4.474037444298176,0.018019929300502162
2007-11-06,2007-11-17,261.4036,0.956545022040456,250.0443123234545,0.8740000000000001,2007,11,6,2007.11,2007,2,37,6,0.021603828584746472,1.7615710491311916,0.00704503546896297
2007-11-07,2007-11-18,262.8986,0.9509453195508892,250.00219318648135,0.8740000000000001,2007,11,7,2007.11,2007,2,38,6,0.02160018949131199,0.042119136973155946,0.00016847506990364075
2007-11-08,2007-11-19,268.1741,0.9430329821879452,252.89702126856818,0.8690000000000001,2007,11,8,2007.11,2007,2,39,6,0.02185030263760429,2.894828082086832,0.011446667373011964
2007-11-09,2007-11-20,275.828,0.9556444090204028,263.5934860512796,0.851,2007,11,9,2007.11,2007,2,40,6,0.02277447719483056,10.696464782711445,0.040579397248953826
2007-11-10,2007-11-21,275.828,0.9556444090204028,263.5934860512796,0.851,2007,11,10,2007.11,2007,2,41,6,0.02277447719483056,0.0,0.0
2007-11-11,2007-11-22,278.1512,0.9463034849039272,263.21544989020924,0.851,2007,11,11,2007.11,2007,2,42,6,0.02274181487051408,0.3780361610703835,0.0014362232962695297
2007-11-12,2007-11-23,282.0511,0.9533976414541344,268.90685350954425,0.845,2007,11,12,2007.11,2007,2,43,7,0.02323355214322462,5.691403619335006,0.021164963053397975
2007-11-13,2007-11-24,285.986,0.9517517652591158,272.18768033939347,0.838,2007,11,13,2007.11,2007,2,44,7,0.023517015581323592,3.280826829849218,0.012053546382989572
2007-11-14,2007-11-25,289.95599999999996,0.9521901028527936,276.09323346278455,0.8280000000000001,2007,11,14,2007.11,2007,2,45,7,0.023854455371184587,3.905553123391087,0.014145776317685555
2007-11-15,2007-11-26,289.95599999999996,0.9521901028527936,276.09323346278455,0.8280000000000001,2007,11,15,2007.11,2007,2,46,7,0.023854455371184587,0.0,0.0
2007-11-16,2007-11-27,293.9613,0.9498224783759068,279.2110505126035,0.8220000000000001,2007,11,16,2007.11,2007,2,47,7,0.024123834764288938,3.117817049818939,0.01116652454870586
2007-11-17,2007-11-28,302.8976,0.9413683056242186,285.1382004896423,0.8130000000000001,2007,11,17,2007.11,2007,2,48,7,0.024635940522305097,5.927149977038823,0.020786937586267498
2007-11-18,2007-11-29,306.19,0.9352792744410682,286.3731610411107,0.812,2007,11,18,2007.11,2007,2,49,7,0.02474264111395196,1.2349605514683617,0.0043124172215673355
2007-11-19,2007-11-30,302.0781,0.9413683056242186,284.36674916318333,0.8130000000000001,2007,11,19,2007.11,2007,2,50,8,0.02456928712769904,2.0064118779273485,0.007055719010157452
2007-11-20,2007-12-01,304.5409,0.9413683056242186,286.68515102627464,0.8059999999999999,2007,11,20,2007.11,2007,2,51,8,0.024769597048670128,2.31840186309131,0.008086926911951673
2007-11-21,2007-12-02,306.19,0.9352792744410682,286.3731610411107,0.812,2007,11,21,2007.11,2007,2,52,8,0.02474264111395196,0.3119899851639616,0.0010894526010388713
2007-11-22,2007-12-03,306.19,0.9352792744410682,286.3731610411107,0.812,2007,11,22,2007.11,2007,2,53,8,0.02474264111395196,0.0,0.0
2007-11-23,2007-12-04,314.5212,0.9305996667156292,292.6933238949998,0.799,2007,11,23,2007.11,2007,2,54,8,0.025288703184527986,6.320162853889144,0.021593122691641663
2007-11-24,2007-12-05,347.5056,0.9316733749031896,323.7617151497578,0.755,2007,11,24,2007.11,2007,2,55,8,0.027973012188939068,31.068391254757955,0.09596067045909705
2007-11-25,2007-12-06,347.5056,0.9316733749031896,323.7617151497578,0.755,2007,11,25,2007.11,2007,2,56,8,0.027973012188939068,0.0,0.0
2007-11-26,2007-12-07,347.5056,0.9316733749031896,323.7617151497578,0.755,2007,11,26,2007.11,2007,2,57,9,0.027973012188939068,0.0,0.0
2007-11-27,2007-12-08,353.8138,0.9330882788202376,330.1395096648478,0.747,2007,11,27,2007.11,2007,2,58,9,0.028524053635042852,6.377794515090045,0.019318483030294303
2007-11-28,2007-12-09,358.3644,0.9285146286888628,332.7465878013071,0.738,2007,11,28,2007.11,2007,2,59,9,0.028749305186032928,2.607078136459279,0.007835025908713579
2007-11-29,2007-12-10,362.9525,0.9241282523231424,335.4146595013153,0.733,2007,11,29,2007.11,2007,2,60,9,0.028979826580913644,2.668071700008227,0.007954547079054438
2007-11-30,2007-12-11,367.5781,0.9231771091555642,339.3396877468948,0.728,2007,11,30,2007.11,2007,2,61,9,0.029318949021331708,3.925028245579483,0.011566664281565161
2007-12-01,2007-12-12,367.5781,0.9231771091555642,339.3396877468948,0.728,2007,12,1,2007.12,2007,3,62,9,0.029318949021331708,0.0,0.0
2007-12-02,2007-12-13,386.4594,0.9049291365376484,349.71837114885767,0.71,2007,12,2,2007.12,2007,3,63,9,0.030215667267261305,10.37868340196286,0.029677261071152514
2007-12-03,2007-12-14,426.0674,0.9083090262986728,387.00086523160724,0.6659999999999999,2007,12,3,2007.12,2007,3,64,10,0.03343687475601086,37.282494082749565,0.09633697862777961
2007-12-04,2007-12-15,405.9529,0.8960679683763831,363.761390359501,0.6910000000000001,2007,12,4,2007.12,2007,3,65,10,0.03142898412706088,23.239474872106257,0.06388659018797725
2007-12-05,2007-12-16,405.9529,0.8960679683763831,363.761390359501,0.6910000000000001,2007,12,5,2007.12,2007,3,66,10,0.03142898412706088,0.0,0.0
2007-12-06,2007-12-17,418.9561,0.9075337300008516,380.2167921396097,0.6779999999999999,2007,12,6,2007.12,2007,3,67,10,0.032850730840862284,16.45540178010873,0.04327899798298904
2007-12-07,2007-12-18,436.3602,0.9054397186696932,395.097856726651,0.657,2007,12,7,2007.12,2007,3,68,10,0.034136454821182646,14.881064587041294,0.03766425034630542
2007-12-08,2007-12-19,441.566,0.9049469868681428,399.5938212034184,0.654,2007,12,8,2007.12,2007,3,69,10,0.03452490615197535,4.495964476767369,0.011251336327542064
2007-12-09,2007-12-20,441.566,0.9049469868681428,399.5938212034184,0.654,2007,12,9,2007.12,2007,3,70,10,0.03452490615197535,0.0,0.0
2007-12-10,2007-12-21,452.097,0.8968029923901701,405.4419424506187,0.6409999999999999,2007,12,10,2007.12,2007,3,71,11,0.03503018382773346,5.848121247200311,0.014424065778326795
2007-12-11,2007-12-22,457.4224,0.8997216678884059,411.5528446575176,0.636,2007,12,11,2007.12,2007,3,72,11,0.03555816577840952,6.110902206898913,0.014848402304166381
2007-12-12,2007-12-23,463.866,0.9083037498738388,421.33122723897804,0.628,2007,12,12,2007.12,2007,3,73,11,0.036403018033447705,9.778382581460448,0.02320830251661877
2007-12-13,2007-12-24,468.1939,0.9029282165066084,422.74548310627335,0.627,2007,12,13,2007.12,2007,3,74,11,0.036525209740382016,1.41425586729531,0.003345407399515094
2007-12-14,2007-12-25,490.2231,0.8987024535561047,440.5647027598797,0.609,2007,12,14,2007.12,2007,3,75,11,0.038064790318453605,17.819219653606353,0.04044631706076175
2007-12-15,2007-12-26,501.4829,0.9009428155565359,451.8074158794568,0.597,2007,12,15,2007.12,2007,3,76,11,0.03903616073198507,11.242713119577104,0.02488386140739373
2007-12-16,2007-12-27,512.9077,0.8947533442050299,458.9258798435102,0.589,2007,12,16,2007.12,2007,3,77,11,0.03965119601847928,7.118463964053376,0.015511140854555232
2007-12-17,2007-12-28,524.4984,0.8952174296616509,469.54010950964835,0.58,2007,12,17,2007.12,2007,3,78,12,0.04056826546163361,10.614229666138158,0.022605586724471407
2007-12-18,2007-12-29,524.4984,0.8952174296616509,469.54010950964835,0.58,2007,12,18,2007.12,2007,3,79,12,0.04056826546163361,0.0,0.0
2007-12-19,2007-12-30,530.3563,0.9000565827613265,477.35067902394087,0.5730000000000001,2007,12,19,2007.12,2007,3,80,12,0.04124309866766849,7.810569514292524,0.01636233037368487
2007-12-20,2007-12-31,536.2561,0.8904247644581523,477.49571153174736,0.5720000000000001,2007,12,20,2007.12,2007,3,81,12,0.041255629476342974,0.14503250780649068,0.0003037357285183657
2007-12-21,2008-01-01,560.2769999999999,0.8894834638697153,498.3571266865325,0.5539999999999999,2007,12,21,2007.12,2007,3,82,12,0.04305805574571641,20.861415154785163,0.041860372888591256
2007-12-22,2008-01-02,591.2615,0.8960981554647983,529.8283395473499,0.535,2007,12,22,2007.12,2007,3,83,12,0.04577716853689103,31.47121286081733,0.059398885472423474
2007-12-23,2008-01-03,676.9182,0.8913295993294884,603.3572279848385,0.486,2007,12,23,2007.12,2007,3,84,12,0.05213006449789004,73.5288884374886,0.12186625936854822
2007-12-24,2008-01-04,623.3263,0.9021872217955188,562.3570228690801,0.514,2007,12,24,2007.12,2007,3,85,13,0.04858764677588852,41.00020511575838,0.07290778535418674
2007-12-25,2008-01-05,718.9949,0.9052071720698636,650.8393401616545,0.467,2007,12,25,2007.12,2007,3,86,13,0.05623251898996695,88.48231729257441,0.1359510893588536
2007-12-26,2008-01-06,740.6484,0.9126552068213136,675.9566186838749,0.457,2007,12,26,2007.12,2007,3,87,13,0.058402651854286794,25.11727852222043,0.037158122027305784
2007-12-27,2008-01-07,762.7167,0.9112159901742388,694.9996530129279,0.45,2007,12,27,2007.12,2007,3,88,13,0.060047970020316956,19.043034329052944,0.027400063074130367
2007-12-28,2008-01-08,808.1115,0.924965802489682,747.4755020986407,0.426,2007,12,28,2007.12,2007,3,89,13,0.06458188338132255,52.475849085712866,0.07020410560396918
2007-12-29,2008-01-09,879.4018,0.928907461559927,816.8828937292305,0.39799999999999996,2007,12,29,2007.12,2007,3,90,13,0.07057868201820551,69.40739163058981,0.08496614651058668
2007-12-30,2008-01-10,895.7732,0.9211526287302269,825.1438379260871,0.39399999999999996,2007,12,30,2007.12,2007,3,91,13,0.07129242759681394,8.260944196856599,0.010011520194611911
2007-12-31,2008-01-11,895.7732,0.9211526287302269,825.1438379260871,0.39399999999999996,2007,12,31,2007.12,2007,3,92,14,0.07129242759681394,0.0,0.0
2008-01-01,2008-01-12,895.7732,0.9211526287302269,825.1438379260871,0.39399999999999996,2008,1,1,2008.01,2007,4,93,14,0.07129242759681394,0.0,0.0
2008-01-02,2008-01-13,895.7732,0.9211526287302269,825.1438379260871,0.39399999999999996,2008,1,2,2008.01,2007,4,94,14,0.07129242759681394,0.0,0.0
2008-01-03,2008-01-14,895.7732,0.9211526287302269,825.1438379260871,0.39399999999999996,2008,1,3,2008.01,2007,4,95,14,0.07129242759681394,0.0,0.0
2008-01-04,2008-01-15,895.7732,0.9211526287302269,825.1438379260871,0.39399999999999996,2008,1,4,2008.01,2007,4,96,14,0.07129242759681394,0.0,0.0
2008-01-05,2008-01-16,920.6956,0.9271385431174912,853.6123772386844,0.382,2008,1,5,2008.01,2007,4,97,14,0.07375210939342233,28.468539312597272,0.033350663687292094
2008-01-06,2008-01-17,929.1010000000001,0.9327916622884068,866.6576662238211,0.379,2008,1,6,2008.01,2007,4,98,14,0.07487922236173815,13.045288985136722,0.015052412842520999
2008-01-07,2008-01-18,963.2156,0.932611646146674,898.3060863101564,0.371,2008,1,7,2008.01,2007,4,99,15,0.0776136458571975,31.64842008633525,0.03523122081509315
2008-01-08,2008-01-19,963.2156,0.932611646146674,898.3060863101564,0.371,2008,1,8,2008.01,2007,4,100,15,0.0776136458571975,0.0,0.0
2008-01-09,2008-01-20,980.5704,0.9351257454830142,916.9566262985775,0.358,2008,1,9,2008.01,2007,4,101,15,0.0792250525121971,18.650539988421087,0.020339609806525504
2008-01-10,2008-01-21,1015.8803,0.9268757637414454,941.5948289323887,0.35000000000000003,2008,1,10,2008.01,2007,4,102,15,0.08135379321975837,24.63820263381126,0.026166459157116302
2008-01-11,2008-01-22,1021.2462,0.9307935433598048,950.569369140736,0.34700000000000003,2008,1,11,2008.01,2007,4,103,15,0.08212919349375958,8.974540208347207,0.009441225963823885
2008-01-12,2008-01-23,1015.8803,0.9268757637414454,941.5948289323887,0.35000000000000003,2008,1,12,2008.01,2007,4,104,15,0.08135379321975837,8.974540208347207,0.009531212292789285
2008-01-13,2008-01-24,1015.8803,0.9268757637414454,941.5948289323887,0.35000000000000003,2008,1,13,2008.01,2007,4,105,15,0.08135379321975837,0.0,0.0
2008-01-14,2008-01-25,1042.8919,0.9238761492208871,963.5029526256544,0.341,2008,1,14,2008.01,2007,4,106,16,0.08324665510685654,21.90812369326568,0.022737993312385362
2008-01-15,2008-01-26,1098.2906,0.9228919608700616,1013.6035654391567,0.325,2008,1,15,2008.01,2007,4,107,16,0.08757534805394314,50.100612813502266,0.04942821288498086
2008-01-16,2008-01-27,1136.253,0.9397509125569504,1067.7947936455726,0.314,2008,1,16,2008.01,2007,4,108,16,0.09225747017097748,54.19122820641587,0.050750601640789865
2008-01-17,2008-01-28,1194.7614,0.9441886322785066,1128.0801321651538,0.299,2008,1,17,2008.01,2007,4,109,16,0.09746612341906931,60.28533851958127,0.053440652663454005
2008-01-18,2008-01-29,1224.7272,0.9395481740220928,1150.6902044351905,0.292,2008,1,18,2008.01,2007,4,110,16,0.09941963366320043,22.610072270036653,0.01964913943204607
2008-01-19,2008-01-30,1448.0846,0.9357928441635351,1355.1072064234152,0.251,2008,1,19,2008.01,2007,4,111,16,0.1170812626349831,204.41700198822468,0.15084932101257884
2008-01-20,2008-01-31,1586.6955,0.9551924642884482,1515.5995847203915,0.228,2008,1,20,2008.01,2007,4,112,16,0.1309478041198418,160.4923782969763,0.10589365417818129
2008-01-21,2008-02-01,1634.7221,0.959156323659641,1567.9540396411678,0.221,2008,1,21,2008.01,2007,4,113,17,0.13547122902499692,52.354454920776334,0.03339029945849551
2008-01-22,2008-02-02,1622.629,0.9653161647309552,1566.3500030612254,0.222,2008,1,22,2008.01,2007,4,114,17,0.13533264026448985,1.6040365799424308,0.0010240601250088115
2008-01-23,2008-02-03,1586.6955,0.9551924642884482,1515.5995847203915,0.228,2008,1,23,2008.01,2007,4,115,17,0.1309478041198418,50.7504183408339,0.03348537361218445
2008-01-24,2008-02-04,1598.6159,0.9568995611272284,1529.7148531210096,0.22699999999999998,2008,1,24,2008.01,2007,4,116,17,0.13216736330965523,14.115268400618106,0.009227385333821756
2008-01-25,2008-02-05,1598.6159,0.9568995611272284,1529.7148531210096,0.22699999999999998,2008,1,25,2008.01,2007,4,117,17,0.13216736330965523,0.0,0.0
2008-01-26,2008-02-06,1610.5937,0.9565837851481342,1540.6678178817385,0.225,2008,1,26,2008.01,2007,4,118,17,0.13311369946498222,10.952964760728946,0.007109231875686323
2008-01-27,2008-02-07,1634.7221,0.959156323659641,1567.9540396411678,0.221,2008,1,27,2008.01,2007,4,119,17,0.13547122902499692,27.28622175942928,0.017402437233220075
2008-01-28,2008-02-08,1758.8504,0.978807048471085,1721.575168726187,0.205,2008,1,28,2008.01,2007,4,120,18,0.14874409457794255,153.62112908501922,0.08923289082909185
2008-01-29,2008-02-09,1784.3803,0.9836395326825926,1755.1870044200243,0.201,2008,1,29,2008.01,2007,4,121,18,0.15164815718189006,33.61183569383729,0.019150002597554457
2008-01-30,2008-02-10,1797.234,0.9826804491492692,1766.1067143463379,0.19899999999999998,2008,1,30,2008.01,2007,4,122,18,0.1525916201195236,10.919709926313544,0.006182927587337263
2008-01-31,2008-02-11,1797.234,0.9826804491492692,1766.1067143463379,0.19899999999999998,2008,1,31,2008.01,2007,4,123,18,0.1525916201195236,0.0,0.0
2008-02-01,2008-02-12,1823.1197,0.9869604736470279,1799.3470826272276,0.19699999999999998,2008,2,1,2008.02,2007,5,124,18,0.15546358793899248,33.2403682808897,0.018473572220627617
2008-02-02,2008-02-13,1862.3957,0.9960112813925148,1854.9671276169092,0.191,2008,2,2,2008.02,2007,5,125,18,0.16026915982610093,55.62004498968167,0.029984383098549665
2008-02-03,2008-02-14,1902.2114,0.9984129228287122,1899.1924437120965,0.187,2008,2,3,2008.02,2007,5,126,18,0.16409022713672514,44.22531609518728,0.023286379556537194
2008-02-04,2008-02-15,1929.0568,1.0003820073846652,1929.7937139430387,0.184,2008,2,4,2008.02,2007,5,127,19,0.16673417688467854,30.60127023094219,0.015857275319037255
2008-02-05,2008-02-16,1942.5703,1.0033366635975038,1949.0520036056025,0.183,2008,2,5,2008.02,2007,5,128,19,0.16839809311152404,19.25828966256381,0.009880849575556423
2008-02-06,2008-02-17,1933.4404,1.0003820073846652,1934.17898851061,0.184,2008,2,6,2008.02,2007,5,129,19,0.16711306460731667,14.873015094992525,0.007689575361608752
2008-02-07,2008-02-18,1944.0572,1.005422808576948,1954.5994500582376,0.18100000000000002,2008,2,7,2008.02,2007,5,130,19,0.16887739248503172,20.42046154762761,0.01044738938559467
2008-02-08,2008-02-19,1965.396,1.0066862487191817,1978.5371264876846,0.179,2008,2,8,2008.02,2007,5,131,19,0.17094560772853595,23.937676429447038,0.012098674373597122
2008-02-09,2008-02-20,1986.8752,1.007717362570275,2002.2086363002882,0.177,2008,2,9,2008.02,2007,5,132,19,0.17299082617634487,23.671509812603517,0.011822698885338991
2008-02-10,2008-02-21,2015.0086,1.0072823849014862,2029.6826682050048,0.17400000000000002,2008,2,10,2008.02,2007,5,133,19,0.1753645825329124,27.47403190471664,0.013536121845595652
2008-02-11,2008-02-22,2052.1583,1.0153367591806808,2083.6317576477354,0.16899999999999998,2008,2,11,2008.02,2007,5,134,20,0.18002578386076434,53.94908944273061,0.025891854088284344
2008-02-12,2008-02-23,2096.3881,1.0110634560377072,2119.5813975823226,0.165,2008,2,12,2008.02,2007,5,135,20,0.18313183275111267,35.94963993458714,0.016960726290385784
2008-02-13,2008-02-24,2163.8006,1.0008242595153904,2165.5841332339583,0.16,2008,2,13,2008.02,2007,5,136,20,0.18710646911141401,46.0027356516357,0.021242645319412216
2008-02-14,2008-02-25,2267.3382,1.0047593387711842,2278.129230602647,0.147,2008,2,14,2008.02,2007,5,137,20,0.1968303655240687,112.54509736868886,0.04940242013352185
2008-02-15,2008-02-26,2373.8032,1.005583685199411,2387.057769794155,0.136,2008,2,15,2008.02,2007,5,138,20,0.20624179131021497,108.92853919150775,0.04563297150571311
2008-02-16,2008-02-27,2470.9186,1.0130115596442746,2503.069104740048,0.126,2008,2,16,2008.02,2007,5,139,20,0.21626517064954012,116.01133494589294,0.04634763567901619
2008-02-17,2008-02-28,2545.2989,1.015333152170216,2584.3263553523834,0.12,2008,2,17,2008.02,2007,5,140,20,0.2232857971024459,81.25725061233561,0.03144233329666131
2008-02-18,2008-02-29,2698.0639,1.019362258722308,2750.30451128112,0.107,2008,2,18,2008.02,2007,5,141,21,0.2376263097746888,165.97815592873667,0.06034901053608145
2008-02-19,2008-03-01,2789.6629,1.0160199745827974,2834.353228752573,0.10099999999999999,2008,2,19,2008.02,2007,5,142,21,0.2448881189642223,84.04871747145307,0.029653579031306464
2008-02-20,2008-03-02,2883.1094,1.020219146567976,2941.403411530109,0.094,2008,2,20,2008.02,2007,5,143,21,0.25413725475620147,107.05018277753607,0.036394253966629105
2008-02-21,2008-03-03,3019.8338,1.0246511852223141,3094.276282344404,0.08199999999999999,2008,2,21,2008.02,2007,5,144,21,0.2673454707945565,152.87287081429486,0.049405048827271966
2008-02-22,2008-03-04,3075.5944,1.0318303282852601,3173.4915794243075,0.078,2008,2,22,2008.02,2007,5,145,21,0.2741896724622601,79.2152970799034,0.02496155893196779
2008-02-23,2008-03-05,3131.9704,1.0287088985574897,3221.8858204986605,0.076,2008,2,23,2008.02,2007,5,146,21,0.2783709348910843,48.394241074352976,0.015020470547544996
2008-02-24,2008-03-06,3174.6577,1.035606352990832,3287.695682691263,0.07100000000000001,2008,2,24,2008.02,2007,5,147,21,0.28405690698452507,65.8098621926024,0.020017017553988253
2008-02-25,2008-03-07,3246.5778,1.0280956726482575,3337.7925870959007,0.068,2008,2,25,2008.02,2007,5,148,22,0.2883852795250858,50.096904404637826,0.015008992649308215
2008-02-26,2008-03-08,3188.9642,1.0304528717003212,3286.0773176395173,0.07200000000000001,2008,2,26,2008.02,2007,5,149,22,0.2839170802440543,51.71526945638334,0.015737691008905378
2008-02-27,2008-03-09,3188.9642,1.0304528717003212,3286.0773176395173,0.07200000000000001,2008,2,27,2008.02,2007,5,150,22,0.2839170802440543,0.0,0.0
2008-02-28,2008-03-10,3188.9642,1.0304528717003212,3286.0773176395173,0.07200000000000001,2008,2,28,2008.02,2007,5,151,22,0.2839170802440543,0.0,0.0
2008-02-29,2008-03-11,3146.1609,1.0395078471126764,3270.45894382908,0.07400000000000001,2008,2,29,2008.02,2007,5,152,22,0.2825676527468325,15.618373810437333,0.004775590850913179
2008-03-01,2008-03-12,3146.1609,1.0395078471126764,3270.45894382908,0.07400000000000001,2008,3,1,2008.03,2007,6,153,22,0.2825676527468325,0.0,0.0
2008-03-02,2008-03-13,3081.2043,1.0318303282852601,3179.280044382954,0.078,2008,3,2,2008.03,2007,6,154,22,0.2746897958346872,91.1788994461258,0.02867910287022926
2008-03-03,2008-03-14,3086.8203,1.0318303282852601,3185.0748035066044,0.078,2008,3,3,2008.03,2007,6,155,23,0.2751904630229706,5.794759123650238,0.0018193478901250622
2008-03-04,2008-03-15,3061.5966,1.0281106195113638,3147.6599771198853,0.079,2008,3,4,2008.03,2007,6,156,23,0.27195782202315816,37.41482638671914,0.011886552759410111
2008-03-05,2008-03-16,3047.6373,1.0252944951920568,3124.7257470319832,0.08,2008,3,5,2008.03,2007,6,157,23,0.26997630454356336,22.93423008790205,0.007339597758198812
2008-03-06,2008-03-17,3033.7163,1.0246511852223141,3108.5010024232533,0.081,2008,3,6,2008.03,2007,6,158,23,0.26857448660936906,16.224744608729907,0.0052194754307886004
2008-03-07,2008-03-18,3019.8338,1.0246511852223141,3094.276282344404,0.08199999999999999,2008,3,7,2008.03,2007,6,159,23,0.2673454707945565,14.22472007884926,0.004597107297759391
2008-03-08,2008-03-19,2992.1835,1.0190615894931605,3049.2192735652075,0.085,2008,3,8,2008.03,2007,6,160,23,0.26345254523603395,45.05700877919662,0.014776572209749638
2008-03-09,2008-03-20,2978.4157,1.0211184479111792,3041.3152168182887,0.08600000000000001,2008,3,9,2008.03,2007,6,161,23,0.26276963473310017,7.904056746918741,0.002598894288632032
2008-03-10,2008-03-21,2950.9948,1.021093007986116,3013.240156883386,0.08800000000000001,2008,3,10,2008.03,2007,6,162,24,0.2603439495547245,28.075059934902583,0.009317232770434336
2008-03-11,2008-03-22,2923.7265,1.0234353086019463,2992.244932795189,0.09,2008,3,11,2008.03,2007,6,163,24,0.2585299621935043,20.99522408819712,0.007016545957882046
2008-03-12,2008-03-23,2910.1494,1.0182662155907944,2963.306816341821,0.092,2008,3,12,2008.03,2007,6,164,24,0.25602970893193333,28.93811645336791,0.009765481013907222
2008-03-13,2008-03-24,2896.6104,1.0203249529486986,2955.483870090711,0.09300000000000001,2008,3,13,2008.03,2007,6,165,24,0.25535380637583743,7.822946251109897,0.002646925713341752
2008-03-14,2008-03-25,2883.1094,1.020219146567976,2941.403411530109,0.094,2008,3,14,2008.03,2007,6,166,24,0.25413725475620147,14.080458560601983,0.004786986547104523
2008-03-15,2008-03-26,2883.1094,1.020219146567976,2941.403411530109,0.094,2008,3,15,2008.03,2007,6,167,24,0.25413725475620147,0.0,0.0
2008-03-16,2008-03-27,2829.4844,1.0181362130224263,2880.800531822033,0.09699999999999999,2008,3,16,2008.03,2007,6,168,24,0.24890116594942366,60.602879708076216,0.021036819119769613
2008-03-17,2008-03-28,2802.8990000000003,1.0179528994061418,2853.2191637925757,0.099,2008,3,17,2008.03,2007,6,169,25,0.24651813575167852,27.58136802945728,0.009666754092873603
2008-03-18,2008-03-29,2802.8990000000003,1.0179528994061418,2853.2191637925757,0.099,2008,3,18,2008.03,2007,6,170,25,0.24651813575167852,0.0,0.0
2008-03-19,2008-03-30,2789.6629,1.0160199745827974,2834.353228752573,0.10099999999999999,2008,3,19,2008.03,2007,6,171,25,0.2448881189642223,18.86593504000257,0.006656169332961246
2008-03-20,2008-03-31,2776.4645,1.019196157904379,2829.7619509579017,0.10099999999999999,2008,3,20,2008.03,2007,6,172,25,0.24449143256276273,4.591277794671441,0.001622496123081042
2008-03-21,2008-04-01,2763.3038,1.019196157904379,2816.3486160825696,0.103,2008,3,21,2008.03,2007,6,173,25,0.24333252042953402,13.413334875332112,0.004762668512959001
2008-03-22,2008-04-02,2750.1807,1.0199745415557635,2805.114298678009,0.103,2008,3,22,2008.03,2007,6,174,25,0.24236187540577997,11.234317404560443,0.0040049410499440035
2008-03-23,2008-04-03,2750.1807,1.0199745415557635,2805.114298678009,0.103,2008,3,23,2008.03,2007,6,175,25,0.24236187540577997,0.0,0.0
2008-03-24,2008-04-04,2750.1807,1.0199745415557635,2805.114298678009,0.103,2008,3,24,2008.03,2007,6,176,26,0.24236187540577997,0.0,0.0
2008-03-25,2008-04-05,2737.0952,1.0199745415557635,2791.767421814481,0.104,2008,3,25,2008.03,2007,6,177,26,0.24120870524477117,13.346876863527996,0.00478079827110144
2008-03-26,2008-04-06,2724.0472,1.0208792028170672,2780.923133972064,0.105,2008,3,26,2008.03,2007,6,178,26,0.24027175877518636,10.844287842417089,0.0038995280775444927
2008-03-27,2008-04-07,2724.0472,1.0208792028170672,2780.923133972064,0.105,2008,3,27,2008.03,2007,6,179,26,0.24027175877518636,0.0,0.0
2008-03-28,2008-04-08,2776.4645,1.019196157904379,2829.7619509579017,0.10099999999999999,2008,3,28,2008.03,2007,6,180,26,0.24449143256276273,48.83881698583764,0.017258984265197723
2008-03-29,2008-04-09,2802.8990000000003,1.0179528994061418,2853.2191637925757,0.099,2008,3,29,2008.03,2007,6,181,26,0.24651813575167852,23.45721283467401,0.008221314763459688
2008-03-30,2008-04-10,2816.1728,1.0169808449057474,2863.9937935445837,0.098,2008,3,30,2008.03,2007,6,182,26,0.24744906376225204,10.774629752007968,0.003762099546547163
2008-03-31,2008-04-11,2829.4844,1.0181362130224263,2880.800531822033,0.09699999999999999,2008,3,31,2008.03,2007,6,183,27,0.24890116594942366,16.806738277449313,0.00583405136586096
2008-04-01,2008-04-12,2856.2211,1.0141298621948716,2896.5791105410844,0.096,2008,4,1,2008.04,2007,7,184,27,0.2502644351507497,15.778578719051438,0.00544731495909462
2008-04-02,2008-04-13,2869.6463,1.0206242859643155,2928.8307059076396,0.095,2008,4,2,2008.04,2007,7,185,27,0.25305097299042006,32.25159536655519,0.011011764968696092
2008-04-03,2008-04-14,2883.1094,1.020219146567976,2941.403411530109,0.094,2008,4,3,2008.04,2007,7,186,27,0.25413725475620147,12.572705622469584,0.004274390100040477
2008-04-04,2008-04-15,2910.1494,1.0182662155907944,2963.306816341821,0.092,2008,4,4,2008.04,2007,7,187,27,0.25602970893193333,21.90340481171188,0.007391541331771868
2008-04-05,2008-04-16,2923.7265,1.0234353086019463,2992.244932795189,0.09,2008,4,5,2008.04,2007,7,188,27,0.2585299621935043,28.93811645336791,0.009671038669396469
2008-04-06,2008-04-17,2937.3416,1.0234353086019463,3006.1791068653365,0.08900000000000001,2008,4,6,2008.04,2007,7,189,27,0.25973387483316507,13.934174070147492,0.004635177604130585
2008-04-07,2008-04-18,2964.6862,1.0200658932636941,3024.1752768495458,0.08700000000000001,2008,4,7,2008.04,2007,7,190,28,0.2612887439198008,17.996169984209246,0.005950769494735396
2008-04-08,2008-04-19,2992.1835,1.0190615894931605,3049.2192735652075,0.085,2008,4,8,2008.04,2007,7,191,28,0.26345254523603395,25.043996715661706,0.008213248857757536
2008-04-09,2008-04-20,3019.8338,1.0246511852223141,3094.276282344404,0.08199999999999999,2008,4,9,2008.04,2007,7,192,28,0.2673454707945565,45.05700877919662,0.014561404563738183
2008-04-10,2008-04-21,3061.5966,1.0281106195113638,3147.6599771198853,0.079,2008,4,10,2008.04,2007,7,193,28,0.27195782202315816,53.38369477548122,0.016959803525006978
2008-04-11,2008-04-22,3061.5966,1.0281106195113638,3147.6599771198853,0.079,2008,4,11,2008.04,2007,7,194,28,0.27195782202315816,0.0,0.0
2008-04-12,2008-04-23,3075.5944,1.0318303282852601,3173.4915794243075,0.078,2008,4,12,2008.04,2007,7,195,28,0.2741896724622601,25.831602304422177,0.008139804898775941
2008-04-13,2008-04-24,3089.6306,1.0318303282852601,3187.974556278184,0.077,2008,4,13,2008.04,2007,7,196,28,0.2754410016624351,14.482976853876607,0.004543002648924785
2008-04-14,2008-04-25,3103.7054,1.0276168213918058,3189.4198776845833,0.077,2008,4,14,2008.04,2007,7,197,29,0.275565877431948,1.4453214063992164,0.0004531612211084837
2008-04-15,2008-04-26,3103.7054,1.0276168213918058,3189.4198776845833,0.077,2008,4,15,2008.04,2007,7,198,29,0.275565877431948,0.0,0.0
2008-04-16,2008-04-27,3089.6306,1.0318303282852601,3187.974556278184,0.077,2008,4,16,2008.04,2007,7,199,29,0.2754410016624351,1.4453214063992164,0.00045336666930195443
2008-04-17,2008-04-28,3075.5944,1.0318303282852601,3173.4915794243075,0.078,2008,4,17,2008.04,2007,7,200,29,0.2741896724622601,14.482976853876607,0.004563735712355007
2008-04-18,2008-04-29,3075.5944,1.0318303282852601,3173.4915794243075,0.078,2008,4,18,2008.04,2007,7,201,29,0.2741896724622601,0.0,0.0
2008-04-19,2008-04-30,3047.6373,1.0252944951920568,3124.7257470319832,0.08,2008,4,19,2008.04,2007,7,202,29,0.26997630454356336,48.76583239232423,0.01560643600118967
2008-04-20,2008-05-01,3019.8338,1.0246511852223141,3094.276282344404,0.08199999999999999,2008,4,20,2008.04,2007,7,203,29,0.2673454707945565,30.449464687579166,0.009840577217141346
2008-04-21,2008-05-02,3005.9895,1.0195085360161864,3064.631954425028,0.084,2008,4,21,2008.04,2007,7,204,30,0.2647842008623224,29.644327919375883,0.00967304666929821
2008-04-22,2008-05-03,2978.4157,1.0211184479111792,3041.3152168182887,0.08600000000000001,2008,4,22,2008.04,2007,7,205,30,0.26276963473310017,23.31673760673948,0.007666662593143695
2008-04-23,2008-05-04,2950.9948,1.021093007986116,3013.240156883386,0.08800000000000001,2008,4,23,2008.04,2007,7,206,30,0.2603439495547245,28.075059934902583,0.009317232770434336
2008-04-24,2008-05-05,2937.3416,1.0234353086019463,3006.1791068653365,0.08900000000000001,2008,4,24,2008.04,2007,7,207,30,0.25973387483316507,7.061050018049627,0.0023488454170691336
2008-04-25,2008-05-06,2910.1494,1.0182662155907944,2963.306816341821,0.092,2008,4,25,2008.04,2007,7,208,30,0.25602970893193333,42.8722905235154,0.014467719065432755
2008-04-26,2008-05-07,2883.1094,1.020219146567976,2941.403411530109,0.094,2008,4,26,2008.04,2007,7,209,30,0.25413725475620147,21.90340481171188,0.007446583058227227
2008-04-27,2008-05-08,2856.2211,1.0141298621948716,2896.5791105410844,0.096,2008,4,27,2008.04,2007,7,210,30,0.2502644351507497,44.82430098902478,0.015474909981192105
2008-04-28,2008-05-09,2829.4844,1.0181362130224263,2880.800531822033,0.09699999999999999,2008,4,28,2008.04,2007,7,211,31,0.24890116594942366,15.778578719051438,0.005477150724167594
2008-04-29,2008-05-10,2816.1728,1.0169808449057474,2863.9937935445837,0.098,2008,4,29,2008.04,2007,7,212,31,0.24744906376225204,16.806738277449313,0.005868287255137057
2008-04-30,2008-05-11,2802.8990000000003,1.0179528994061418,2853.2191637925757,0.099,2008,4,30,2008.04,2007,7,213,31,0.24651813575167852,10.774629752007968,0.0037763063870936715
2008-05-01,2008-05-12,2789.6629,1.0160199745827974,2834.353228752573,0.10099999999999999,2008,5,1,2008.05,2007,8,214,31,0.2448881189642223,18.86593504000257,0.006656169332961246
2008-05-02,2008-05-13,2763.3038,1.019196157904379,2816.3486160825696,0.103,2008,5,2,2008.05,2007,8,215,31,0.24333252042953402,18.004612670003553,0.006392892047237839
2008-05-03,2008-05-14,2737.0952,1.0199745415557635,2791.767421814481,0.104,2008,5,3,2008.05,2007,8,216,31,0.24120870524477117,24.58119426808844,0.00880488613629288
2008-05-04,2008-05-15,2698.0639,1.019362258722308,2750.30451128112,0.107,2008,5,4,2008.05,2007,8,217,31,0.2376263097746888,41.46291053336108,0.015075752653311554
2008-05-05,2008-05-16,2698.0639,1.019362258722308,2750.30451128112,0.107,2008,5,5,2008.05,2007,8,218,32,0.2376263097746888,0.0,0.0
2008-05-06,2008-05-17,2633.7601,1.018934078299127,2683.6279199545165,0.11199999999999999,2008,5,6,2008.05,2007,8,219,32,0.23186545228407018,66.67659132660356,0.024845691472659005
2008-05-07,2008-05-18,2595.6253,1.0118289298618588,2626.3287696213665,0.11699999999999999,2008,5,7,2008.05,2007,8,220,32,0.22691480569528605,57.29915033315001,0.021817203922040094
2008-05-08,2008-05-19,2570.388,1.0145118655997618,2607.689125195241,0.118,2008,5,8,2008.05,2007,8,221,32,0.22530434041686886,18.639644426125415,0.007147954963661491
2008-05-09,2008-05-20,2545.2989,1.015333152170216,2584.3263553523834,0.12,2008,5,9,2008.05,2007,8,222,32,0.2232857971024459,23.362769842857688,0.00904017783762921
2008-05-10,2008-05-21,2520.3578,1.0170210029996236,2563.256817673925,0.122,2008,5,10,2008.05,2007,8,223,32,0.22146538904702717,21.069537678458346,0.008219830932734352
2008-05-11,2008-05-22,2483.2232,1.012555005944039,2514.400082036375,0.126,2008,5,11,2008.05,2007,8,224,32,0.21724416708794284,48.85673563755017,0.019430772368565084
2008-05-12,2008-05-23,2446.4198,1.0141688091921033,2481.082655349984,0.128,2008,5,12,2008.05,2007,8,225,33,0.2143655414222386,33.31742668639072,0.013428583934738331
2008-05-13,2008-05-24,2409.9469,1.0074043520822713,2427.790995347178,0.132,2008,5,13,2008.05,2007,8,226,33,0.20976114199799617,53.29166000280611,0.021950678664241986
2008-05-14,2008-05-25,2385.8146,1.0103595878388494,2410.530655915909,0.134,2008,5,14,2008.05,2007,8,227,33,0.20826984867113454,17.26033943126913,0.007160389928627921
2008-05-15,2008-05-26,2361.8284,1.0058102037225491,2375.551104161701,0.138,2008,5,15,2008.05,2007,8,228,33,0.20524761539957098,34.97955175420793,0.0147248155145674
2008-05-16,2008-05-27,2337.9879,1.0025776683450314,2344.0144574008964,0.141,2008,5,16,2008.05,2007,8,229,33,0.20252284911943746,31.536646760804615,0.013454117853766679
2008-05-17,2008-05-28,2314.2929999999997,1.002537194790382,2320.1648121430176,0.14200000000000002,2008,5,17,2008.05,2007,8,230,33,0.2004622397691567,23.84964525787882,0.010279289269907564
2008-05-18,2008-05-29,2279.0226,1.0054033463898624,2291.3369485381245,0.145,2008,5,18,2008.05,2007,8,231,33,0.19797151235369392,28.827863604893082,0.012581241542534934
2008-05-19,2008-05-30,2255.69,1.007568749248121,2272.762751991494,0.147,2008,5,19,2008.05,2007,8,232,34,0.19636670177206506,18.574196546630446,0.008172518900336132
2008-05-20,2008-05-31,2232.5018,1.0055179994194146,2244.8207436362422,0.152,2008,5,20,2008.05,2007,8,233,34,0.1939525122501713,27.9420083552518,0.01244732276929619
2008-05-21,2008-06-01,2209.4577,1.0049092854761474,2220.304558596772,0.155,2008,5,21,2008.05,2007,8,234,34,0.19183431386276112,24.5161850394702,0.011041811784129461
2008-05-22,2008-06-02,2186.5574,1.0054373169592357,2198.4464056333622,0.156,2008,5,22,2008.05,2007,8,235,34,0.1899457694467225,21.858152963409793,0.009942545293530848
2008-05-23,2008-06-03,2163.8006,1.0008242595153904,2165.5841332339583,0.16,2008,5,23,2008.05,2007,8,236,34,0.18710646911141401,32.86227239940399,0.01517478443579533
2008-05-24,2008-06-04,2141.187,1.0079102677722054,2158.124362520365,0.161,2008,5,24,2008.05,2007,8,237,34,0.18646194492175955,7.459770713593116,0.0034565990927794468
2008-05-25,2008-06-05,2074.2022,1.0135401963862714,2102.287305132836,0.16699999999999998,2008,5,25,2008.05,2007,8,238,34,0.18163762316347706,55.83705738752906,0.02656014582364655
2008-05-26,2008-06-06,2052.1583,1.0153367591806808,2083.6317576477354,0.16899999999999998,2008,5,26,2008.05,2007,8,239,35,0.18002578386076434,18.65554748510067,0.008953380277790251
2008-05-27,2008-06-07,2030.2561,1.0101060669885706,2050.7740041505544,0.173,2008,5,27,2008.05,2007,8,240,35,0.1771868739586079,32.857753497180965,0.016022123076789675
2008-05-28,2008-06-08,1997.6676,1.006649114404328,2010.9503204142193,0.177,2008,5,28,2008.05,2007,8,241,35,0.17374610768378854,39.82368373633517,0.01980341499840345
2008-05-29,2008-06-09,1976.1181,1.007717362570275,1991.3685198593835,0.17800000000000002,2008,5,29,2008.05,2007,8,242,35,0.17205424011585072,19.58180055483581,0.009833338410018924
2008-05-30,2008-06-10,1944.0572,1.005422808576948,1954.5994500582376,0.18100000000000002,2008,5,30,2008.05,2007,8,243,35,0.16887739248503172,36.76906980114586,0.018811562542929355
2008-05-31,2008-06-11,1942.5703,1.0033366635975038,1949.0520036056025,0.183,2008,5,31,2008.05,2007,8,244,35,0.16839809311152404,5.547446452635086,0.002846228034127729
2008-06-01,2008-06-12,1888.8793,0.9986422420825709,1886.3146591753573,0.188,2008,6,1,2008.06,2007,9,245,35,0.16297758655275085,62.73734443024523,0.03325921480018196
2008-06-02,2008-06-13,1862.3957,0.9960112813925148,1854.9671276169092,0.191,2008,6,2,2008.06,2007,9,246,36,0.16026915982610093,31.347531558448054,0.01689923831627166
2008-06-03,2008-06-14,1823.1197,0.9869604736470279,1799.3470826272276,0.19699999999999998,2008,6,3,2008.06,2007,9,247,36,0.15546358793899248,55.62004498968167,0.030911237485360978
2008-06-04,2008-06-15,1771.5858,0.9841942757538936,1743.584603366882,0.20199999999999999,2008,6,4,2008.06,2007,9,248,36,0.1506457097308986,55.76247926034557,0.03198151621244394
2008-06-05,2008-06-16,1746.1741,0.9802064236341278,1711.6110696035419,0.206,2008,6,5,2008.06,2007,9,249,36,0.147883196413746,31.97353376334013,0.018680373322629958
2008-06-06,2008-06-17,1708.4979,0.9728153675281032,1662.0530125094924,0.21100000000000002,2008,6,6,2008.06,2007,9,250,36,0.14360138028082012,49.558057094049445,0.029817374488689125
2008-06-07,2008-06-18,1683.6732,0.9702886072039641,1633.648924214641,0.215,2008,6,7,2008.06,2007,9,251,36,0.14114726705214498,28.404088294851363,0.017386898662150634
2008-06-08,2008-06-19,1634.7221,0.959156323659641,1567.9540396411678,0.221,2008,6,8,2008.06,2007,9,252,36,0.13547122902499692,65.69488457347325,0.041898475919936895
2008-06-09,2008-06-20,1610.5937,0.9565837851481342,1540.6678178817385,0.225,2008,6,9,2008.06,2007,9,253,37,0.13311369946498222,27.28622175942928,0.017710645632194134
2008-06-10,2008-06-21,1586.6955,0.9551924642884482,1515.5995847203915,0.228,2008,6,10,2008.06,2007,9,254,37,0.1309478041198418,25.068233161347052,0.01654014253769528
2008-06-11,2008-06-22,1551.2776,0.9546796759146036,1480.973196421584,0.233,2008,6,11,2008.06,2007,9,255,37,0.12795608417082485,34.62638829880757,0.02338083388846869
2008-06-12,2008-06-23,1527.9505,0.9567976218305048,1461.9394046747304,0.236,2008,6,12,2008.06,2007,9,256,37,0.12631156456389672,19.033791746853467,0.013019549022340177
2008-06-13,2008-06-24,1493.3847,0.9514288898321686,1420.8493472133462,0.242,2008,6,13,2008.06,2007,9,257,37,0.12276138359923312,41.090057461384276,0.02891936259250323
2008-06-14,2008-06-25,1459.3256,0.9403064855146454,1372.2133261575514,0.249,2008,6,14,2008.06,2007,9,258,37,0.11855923138001244,48.6360210557948,0.035443483989464356
2008-06-15,2008-06-26,1436.8995,0.9349084949287952,1343.3695489089382,0.253,2008,6,15,2008.06,2007,9,259,37,0.11606712902573227,28.84377724861315,0.021471215624948158
2008-06-16,2008-06-27,1381.8066,0.9142082933417748,1263.2590535144004,0.264,2008,6,16,2008.06,2007,9,260,38,0.10914558222364419,80.11049539453779,0.0634157302666223
2008-06-17,2008-06-28,1349.4128,0.9237974489565206,1246.5841022292755,0.268,2008,6,17,2008.06,2007,9,261,38,0.10770486643260938,16.674951285124962,0.0133765152750665
2008-06-18,2008-06-29,1317.5113,0.9281873925860896,1222.8973782497094,0.27399999999999997,2008,6,18,2008.06,2007,9,262,38,0.10565833348077489,23.686723979566068,0.019369347257468205
2008-06-19,2008-06-30,1296.5155,0.9282364084042066,1203.472891160384,0.278,2008,6,19,2008.06,2007,9,263,38,0.10398005779625717,19.42448708932534,0.016140361143154893
2008-06-20,2008-07-01,1275.736,0.9342800327994668,1191.894671923461,0.28400000000000003,2008,6,20,2008.06,2007,9,264,38,0.10297969965418702,11.578219236923132,0.009714129536495355
2008-06-21,2008-07-02,1244.9702,0.9339086661192736,1162.6884588402452,0.28800000000000003,2008,6,21,2008.06,2007,9,265,38,0.10045628284379718,29.206213083215744,0.02511955189814842
2008-06-22,2008-07-03,1194.7614,0.9441886322785066,1128.0801321651538,0.299,2008,6,22,2008.06,2007,9,266,38,0.09746612341906931,34.60832667509135,0.030678961261968757
2008-06-23,2008-07-04,1165.2711,0.9439478325268534,1099.9551291511823,0.307,2008,6,23,2008.06,2007,9,267,39,0.09503612315866215,28.125003013971536,0.02556922756992383
2008-06-24,2008-07-05,1126.6846,0.928912678621731,1046.5916097478537,0.317,2008,6,24,2008.06,2007,9,268,39,0.09042551508221457,53.36351940332861,0.05098791057209509
2008-06-25,2008-07-06,1098.2906,0.9228919608700616,1013.6035654391567,0.325,2008,6,25,2008.06,2007,9,269,39,0.08757534805394314,32.988044308697,0.032545312026802616
2008-06-26,2008-07-07,1079.6194,0.9252152696869721,998.8803543302868,0.331,2008,6,26,2008.06,2007,9,270,39,0.08630326261413677,14.723211108869918,0.014739714366232882
2008-06-27,2008-07-08,1061.1535,0.9246738905725612,981.22093533969,0.335,2008,6,27,2008.06,2007,9,271,39,0.08477748881334922,17.659418990596805,0.017997393201239914
2008-06-28,2008-07-09,1042.8919,0.9238761492208871,963.5029526256544,0.341,2008,6,28,2008.06,2007,9,272,39,0.08324665510685654,17.717982714035543,0.018389131725805342
2008-06-29,2008-07-10,971.8681,0.9365803003260664,910.2325169753236,0.36200000000000004,2008,6,29,2008.06,2007,9,273,39,0.07864408946666795,53.270435650330796,0.05852398662634786
2008-06-30,2008-07-11,946.0594,0.9401080003131372,889.3980107114462,0.37200000000000005,2008,6,30,2008.06,2007,9,274,40,0.07684398812546896,20.834506263877415,0.023425402365372397
2008-07-01,2008-07-12,912.3393,0.9248446021522141,843.7720769363293,0.38799999999999996,2008,7,1,2008.07,2007,10,275,40,0.07290190744729885,45.62593377511689,0.0540737659164796
2008-07-02,2008-07-13,879.4018,0.928907461559927,816.8828937292305,0.39799999999999996,2008,7,2,2008.07,2007,10,276,40,0.07057868201820551,26.889183207098768,0.032916815143899485
2008-07-03,2008-07-14,855.2074,0.9225701024634057,788.9887786454626,0.408,2008,7,3,2008.07,2007,10,277,40,0.06816863047496799,27.89411508376793,0.03535426084469363
2008-07-04,2008-07-15,831.4451,0.9268101613676076,770.5917672993068,0.41700000000000004,2008,7,4,2008.07,2007,10,278,40,0.0665791286946601,18.397011346155864,0.023873874763328806
2008-07-05,2008-07-16,815.842,0.92554829529288,755.1011723283336,0.423,2008,7,5,2008.07,2007,10,279,40,0.06524074128916803,15.49059497097312,0.02051459531337807
2008-07-06,2008-07-17,762.7167,0.9112159901742388,694.9996530129279,0.45,2008,7,6,2008.07,2007,10,280,40,0.060047970020316956,60.10151931540577,0.08647704938391934
2008-07-07,2008-07-18,762.7167,0.9112159901742388,694.9996530129279,0.45,2008,7,7,2008.07,2007,10,281,41,0.060047970020316956,0.0,0.0
2008-07-08,2008-07-19,740.6484,0.9126552068213136,675.9566186838749,0.457,2008,7,8,2008.07,2007,10,282,41,0.058402651854286794,19.043034329052944,0.028171977021440798
2008-07-09,2008-07-20,718.9949,0.9052071720698636,650.8393401616545,0.467,2008,7,9,2008.07,2007,10,283,41,0.05623251898996695,25.11727852222043,0.03859213322289621
2008-07-10,2008-07-21,704.7879,0.8932640479498787,629.5616925000942,0.473,2008,7,10,2008.07,2007,10,284,41,0.05439413023200813,21.27764766156031,0.03379755775333666
2008-07-11,2008-07-22,697.7526,0.8886319515296405,620.0452546228806,0.479,2008,7,11,2008.07,2007,10,285,41,0.05357190999941689,9.516437877213548,0.015347973081418978
2008-07-12,2008-07-23,676.9182,0.8913295993294884,603.3572279848385,0.486,2008,7,12,2008.07,2007,10,286,41,0.05213006449789004,16.688026638042174,0.027658617256942054
2008-07-13,2008-07-24,656.4879,0.8938844025045665,586.8242942429775,0.496,2008,7,13,2008.07,2007,10,287,41,0.050701619022593264,16.532933741860916,0.028173567291021818
2008-07-14,2008-07-25,643.0906,0.8973398499888784,577.0708225332578,0.502,2008,7,14,2008.07,2007,10,288,42,0.04985891906687347,9.753471709719747,0.0169016892361728
2008-07-15,2008-07-26,643.0906,0.8973398499888784,577.0708225332578,0.502,2008,7,15,2008.07,2007,10,289,42,0.04985891906687347,0.0,0.0
2008-07-16,2008-07-27,616.8261,0.8992953122292141,554.7088201906283,0.522,2008,7,16,2008.07,2007,10,290,42,0.047926842064470294,22.362002342629467,0.040313046284255326
2008-07-17,2008-07-28,603.9569,0.8989716108678091,542.9401072877282,0.528,2008,7,17,2008.07,2007,10,291,42,0.04691002526965971,11.76871290290012,0.021675895268984714
2008-07-18,2008-07-29,597.5875,0.8960904052225498,535.4924250309305,0.531,2008,7,18,2008.07,2007,10,292,42,0.04626654552267239,7.447682256797748,0.013908100112466697
2008-07-19,2008-07-30,591.2615,0.8960981554647983,529.8283395473499,0.535,2008,7,19,2008.07,2007,10,293,42,0.04577716853689103,5.664085483580607,0.010690416236359922
2008-07-20,2008-07-31,572.5422,0.8834723286460412,505.82519068212736,0.5489999999999999,2008,7,20,2008.07,2007,10,294,42,0.04370329647493581,24.0031488652225,0.047453446976124705
2008-07-21,2008-08-01,560.2769999999999,0.8894834638697153,498.3571266865325,0.5539999999999999,2008,7,21,2008.07,2007,10,295,43,0.04305805574571641,7.468063995594832,0.01498536610733021
2008-07-22,2008-08-02,548.182,0.8878281146534983,486.6913915469841,0.56,2008,7,22,2008.07,2007,10,296,43,0.042050136229659425,11.665735139548417,0.023969470884759286
2008-07-23,2008-08-03,542.198,0.8900791738483296,482.59914790221666,0.5690000000000001,2008,7,23,2008.07,2007,10,297,43,0.041696566378751514,4.09224364476745,0.00847959152550475
2008-07-24,2008-08-04,536.2561,0.8904247644581523,477.49571153174736,0.5720000000000001,2008,7,24,2008.07,2007,10,298,43,0.041255629476342974,5.103436370469296,0.010687920848750875
2008-07-25,2008-08-05,530.3563,0.9000565827613265,477.35067902394087,0.5730000000000001,2008,7,25,2008.07,2007,10,299,43,0.04124309866766849,0.14503250780649068,0.00030382801194091686
2008-07-26,2008-08-06,524.4984,0.8952174296616509,469.54010950964835,0.58,2008,7,26,2008.07,2007,10,300,43,0.04056826546163361,7.810569514292524,0.01663450971728333
2008-07-27,2008-08-07,518.6822,0.8972006880567664,465.3620267227972,0.588,2008,7,27,2008.07,2007,10,301,43,0.040207279108849685,4.178082786851121,0.008978134327534817
2008-07-28,2008-08-08,507.1746,0.8971909315216052,455.0324518180975,0.595,2008,7,28,2008.07,2007,10,302,44,0.03931480383708362,10.329574904699712,0.022700743350122714
2008-07-29,2008-08-09,495.8325,0.9013631981365692,446.92516794005036,0.601,2008,7,29,2008.07,2007,10,303,44,0.038614334510020346,8.107283878047156,0.01814013723016523
2008-07-30,2008-08-10,484.6547,0.9009139367002006,436.6321737172547,0.611,2008,7,30,2008.07,2007,10,304,44,0.037725019809170805,10.292994222795642,0.023573604609038654
2008-07-31,2008-08-11,479.1271,0.8994351604183989,430.9437600493022,0.614,2008,7,31,2008.07,2007,10,305,44,0.03723354086825971,5.688413667952489,0.0131998979804272
2008-08-01,2008-08-12,473.6402,0.9058640760855352,429.05364216996804,0.621,2008,8,1,2008.08,2007,11,306,44,0.03707023468348524,1.8901178793341842,0.004405318341489386
2008-08-02,2008-08-13,470.3676,0.9058640760855352,426.08911139457047,0.623,2008,8,2,2008.08,2007,11,307,44,0.03681409922449089,2.964530775397577,0.006957537041241917
2008-08-03,2008-08-14,468.1939,0.9029282165066084,422.74548310627335,0.627,2008,8,3,2008.08,2007,11,308,44,0.036525209740382016,3.3436282882971113,0.007909317596319678
2008-08-04,2008-08-15,457.4224,0.8997216678884059,411.5528446575176,0.636,2008,8,4,2008.08,2007,11,309,45,0.03555816577840952,11.192638448755758,0.027196114895208536
2008-08-05,2008-08-16,454.2223,0.9041385526231452,410.67989289115616,0.637,2008,8,5,2008.08,2007,11,310,45,0.03548274274579589,0.8729517663614388,0.0021256257768451307
2008-08-06,2008-08-17,452.097,0.8968029923901701,405.4419424506187,0.6409999999999999,2008,8,6,2008.08,2007,11,311,45,0.03503018382773346,5.237950440537475,0.012919113421955444
2008-08-07,2008-08-18,446.8115,0.9019263261657774,402.9910546836203,0.6459999999999999,2008,8,7,2008.08,2007,11,312,45,0.0348184271246648,2.4508877669983917,0.006081742357587891
2008-08-08,2008-08-19,443.6594,0.9049469868681428,401.48823722572814,0.653,2008,8,8,2008.08,2007,11,313,45,0.03468858369630291,1.5028174578921494,0.003743117029471582
2008-08-09,2008-08-20,443.6594,0.9049469868681428,401.48823722572814,0.653,2008,8,9,2008.08,2007,11,314,45,0.03468858369630291,0.0,0.0
2008-08-10,2008-08-21,436.3602,0.9054397186696932,395.097856726651,0.657,2008,8,10,2008.08,2007,11,315,45,0.034136454821182646,6.390380499077139,0.01617417151290277
2008-08-11,2008-08-22,431.1941,0.9023300837803324,389.07940837858513,0.6609999999999999,2008,8,11,2008.08,2007,11,316,46,0.03361646088390976,6.018448348065874,0.01546843194078715
2008-08-12,2008-08-23,426.0674,0.9083090262986728,387.00086523160724,0.6659999999999999,2008,8,12,2008.08,2007,11,317,46,0.03343687475601086,2.0785431469778928,0.0053709005165504045
2008-08-13,2008-08-24,420.9801,0.9088927996389295,382.62578168127664,0.6709999999999999,2008,8,13,2008.08,2007,11,318,46,0.033058867537262296,4.375083550330601,0.011434366840379304
2008-08-14,2008-08-25,415.93199999999996,0.911916713516886,379.29534248650543,0.6779999999999999,2008,8,14,2008.08,2007,11,319,46,0.03277111759083407,3.330439194771202,0.008780596073071191
2008-08-15,2008-08-26,413.9237,0.9087920244792668,376.1705573029487,0.6829999999999999,2008,8,15,2008.08,2007,11,320,46,0.03250113615097477,3.124785183556753,0.008306830832164809
2008-08-16,2008-08-27,410.923,0.9087920244792668,373.44354507509377,0.6829999999999999,2008,8,16,2008.08,2007,11,321,46,0.032265522294488105,2.727012227854914,0.007302341314552789
2008-08-17,2008-08-28,405.9529,0.8960679683763831,363.761390359501,0.6910000000000001,2008,8,17,2008.08,2007,11,322,46,0.03142898412706088,9.682154715592787,0.02661677399578892
2008-08-18,2008-08-29,398.0814,0.9036513427932336,359.7267916510104,0.6960000000000001,2008,8,18,2008.08,2007,11,323,47,0.0310803947986473,4.034598708490591,0.011215730387979456
2008-08-19,2008-08-30,398.0814,0.9036513427932336,359.7267916510104,0.6960000000000001,2008,8,19,2008.08,2007,11,324,47,0.0310803947986473,0.0,0.0
2008-08-20,2008-08-31,398.0814,0.9036513427932336,359.7267916510104,0.6960000000000001,2008,8,20,2008.08,2007,11,325,47,0.0310803947986473,0.0,0.0
2008-08-21,2008-09-01,396.129,0.9039590790034217,358.0844060065464,0.7020000000000001,2008,8,21,2008.08,2007,11,326,47,0.030938492678965607,1.6423856444640137,0.004586588013648347
2008-08-22,2008-09-02,391.275,0.9127458493268136,357.1346321953489,0.706,2008,8,22,2008.08,2007,11,327,47,0.030856432221678144,0.9497738111974741,0.002659427917586995
2008-08-23,2008-09-03,386.4594,0.9049291365376484,349.71837114885767,0.71,2008,8,23,2008.08,2007,11,328,47,0.030215667267261305,7.416261046491229,0.021206381072084134
2008-08-24,2008-09-04,381.68199999999996,0.9158334424459283,349.5571399796468,0.7120000000000001,2008,8,24,2008.08,2007,11,329,47,0.030201736894241486,0.16123116921085057,0.00046124410223815867
2008-08-25,2008-09-05,376.9428,0.9139720874536076,344.51519776660774,0.718,2008,8,25,2008.08,2007,11,330,48,0.02976611308703491,5.0419422130390785,0.014634890552650593
2008-08-26,2008-09-06,365.7234,0.9241282523231424,337.97532647567766,0.731,2008,8,26,2008.08,2007,11,331,48,0.02920106820749855,6.53987129093008,0.019350144163262525
2008-08-27,2008-09-07,362.9525,0.9241282523231424,335.4146595013153,0.733,2008,8,27,2008.08,2007,11,332,48,0.028979826580913644,2.5606669743623343,0.0076343323162125915
2008-08-28,2008-09-08,362.9525,0.9241282523231424,335.4146595013153,0.733,2008,8,28,2008.08,2007,11,333,48,0.028979826580913644,0.0,0.0
2008-08-29,2008-09-09,358.3644,0.9285146286888628,332.7465878013071,0.738,2008,8,29,2008.08,2007,11,334,48,0.028749305186032928,2.668071700008227,0.008018329256621595
2008-08-30,2008-09-10,349.3005,0.9319412966153892,325.5275608784038,0.748,2008,8,30,2008.08,2007,11,335,48,0.02812558125989409,7.219026922903311,0.022176392387248205
2008-08-31,2008-09-11,349.3005,0.9319412966153892,325.5275608784038,0.748,2008,8,31,2008.08,2007,11,336,48,0.02812558125989409,0.0,0.0
2008-09-01,2008-09-12,346.6104,0.9316733749031896,322.92768114454447,0.755,2008,9,1,2008.09,2007,12,337,49,0.027900951650888645,2.599879733859325,0.008050965852926069
2008-09-02,2008-09-13,340.3854,0.9253705902858468,314.98263852268406,0.7659999999999999,2008,9,2,2008.09,2007,12,338,49,0.027214499968359902,7.945042621860409,0.025223747756777496
2008-09-03,2008-09-14,335.9832,0.9268585113130212,311.4088885781851,0.772,2008,9,3,2008.09,2007,12,339,49,0.026905727973155193,3.5737499444989567,0.011476069166862266
2008-09-04,2008-09-15,329.0162,0.9361415325042216,308.0057296867155,0.774,2008,9,4,2008.09,2007,12,340,49,0.02661169504493222,3.403158891469616,0.011049011636670202
2008-09-05,2008-09-16,322.9968,0.9286376153549488,299.9469781192793,0.784,2008,9,5,2008.09,2007,12,341,49,0.025915418909505734,8.058751567436161,0.02686725373252953
2008-09-06,2008-09-17,318.7409,0.9279282752464162,295.76869358749036,0.7879999999999999,2008,9,6,2008.09,2007,12,342,49,0.02555441512595917,4.178284531788961,0.014126865426860995
2008-09-07,2008-09-18,314.5212,0.9305996667156292,292.6933238949998,0.799,2008,9,7,2008.09,2007,12,343,49,0.025288703184527986,3.07536969249054,0.010507139867644509
2008-09-08,2008-09-19,314.5212,0.9305996667156292,292.6933238949998,0.799,2008,9,8,2008.09,2007,12,344,50,0.025288703184527986,0.0,0.0
2008-09-09,2008-09-20,310.3376,0.9337410267597056,289.7749492661428,0.805,2008,9,9,2008.09,2007,12,345,50,0.025036555616594743,2.918374628857009,0.010071176394811955
2008-09-10,2008-09-21,310.3376,0.9337410267597056,289.7749492661428,0.805,2008,9,10,2008.09,2007,12,346,50,0.025036555616594743,0.0,0.0
2008-09-11,2008-09-22,306.19,0.9352792744410682,286.3731610411107,0.812,2008,9,11,2008.09,2007,12,347,50,0.02474264111395196,3.401788225032135,0.011878865368056565
2008-09-12,2008-09-23,302.0781,0.9413683056242186,284.36674916318333,0.8130000000000001,2008,9,12,2008.09,2007,12,348,50,0.02456928712769904,2.0064118779273485,0.007055719010157452
2008-09-13,2008-09-24,302.0781,0.9413683056242186,284.36674916318333,0.8130000000000001,2008,9,13,2008.09,2007,12,349,50,0.02456928712769904,0.0,0.0
2008-09-14,2008-09-25,298.0019,0.948529666846092,282.6636429265024,0.8180000000000001,2008,9,14,2008.09,2007,12,350,50,0.024422138748849805,1.7031062366809238,0.006025204441038644
2008-09-15,2008-09-26,291.5539,0.9521901028527936,277.61473802813305,0.8280000000000001,2008,9,15,2008.09,2007,12,351,51,0.023985913365630697,5.048904898369358,0.018186732211089275
2008-09-16,2008-09-27,289.95599999999996,0.9521901028527936,276.09323346278455,0.8280000000000001,2008,9,16,2008.09,2007,12,352,51,0.023854455371184587,1.5215045653484935,0.0055108361268606815
2008-09-17,2008-09-28,285.986,0.9517517652591158,272.18768033939347,0.838,2008,9,17,2008.09,2007,12,353,51,0.023517015581323592,3.905553123391087,0.014348750533165993
2008-09-18,2008-09-29,285.986,0.9517517652591158,272.18768033939347,0.838,2008,9,18,2008.09,2007,12,354,51,0.023517015581323592,0.0,0.0
2008-09-19,2008-09-30,282.0511,0.9533976414541344,268.90685350954425,0.845,2008,9,19,2008.09,2007,12,355,51,0.02323355214322462,3.280826829849218,0.012200606964942127
2008-09-20,2008-10-01,282.0511,0.9533976414541344,268.90685350954425,0.845,2008,9,20,2008.09,2007,12,356,51,0.02323355214322462,0.0,0.0
2008-09-21,2008-10-02,282.0511,0.9533976414541344,268.90685350954425,0.845,2008,9,21,2008.09,2007,12,357,51,0.02323355214322462,0.0,0.0
2008-09-22,2008-10-03,270.4558,0.9456004681522396,255.7431310944885,0.867,2008,9,22,2008.09,2007,12,358,52,0.022096206526563803,13.163722415055759,0.05147243782743946
2008-09-23,2008-10-04,266.66,0.9462703585678895,252.33245381571345,0.872,2008,9,23,2008.09,2007,12,359,52,0.02180152400967764,3.41067727877504,0.013516601718088819
2008-09-24,2008-10-05,262.8986,0.9509453195508892,250.00219318648135,0.8740000000000001,2008,9,24,2008.09,2007,12,360,52,0.02160018949131199,2.3302606292321,0.00932096074650799
2008-09-25,2008-10-06,262.8986,0.9509453195508892,250.00219318648135,0.8740000000000001,2008,9,25,2008.09,2007,12,361,52,0.02160018949131199,0.0,0.0
2008-09-26,2008-10-07,262.8986,0.9509453195508892,250.00219318648135,0.8740000000000001,2008,9,26,2008.09,2007,12,362,52,0.02160018949131199,0.0,0.0
2008-09-27,2008-10-08,262.8986,0.9509453195508892,250.00219318648135,0.8740000000000001,2008,9,27,2008.09,2007,12,363,52,0.02160018949131199,0.0,0.0
2008-09-28,2008-10-09,259.1714,0.957986650048282,248.2827412743233,0.879,2008,9,28,2008.09,2007,12,364,52,0.021451628846101536,1.7194519121580356,0.006925378313985356
2008-09-29,2008-10-10,255.4785,0.9609371816839836,245.4987897708516,0.887,2008,9,29,2008.09,2007,12,365,53,0.02121109543620158,2.7839515034717124,0.011339980559864474
2008-09-30,2008-10-11,255.4785,0.9609371816839836,245.4987897708516,0.887,2008,9,30,2008.09,2007,12,366,53,0.02121109543620158,0.0,0.0
