DateVal,1,2,3,4,5,6,7,8,9,10,11,12,13,14,15,16,17,18,19,20,21,22,23,24,25,26,27,28,29,30,DateVal,Day,Exceedance,Flow,Month,Year,m,c,WaterYear
2014-10-01,290.2142877936415,289.6931494670599,289.17201114047833,288.65087281389674,288.12973448731515,287.60859616073355,287.0874578341519,286.5663195075703,286.0451811809887,285.5240428544071,285.00290452782554,284.48176620124394,283.96062787466235,283.43948954808076,282.91835122149917,282.3972128949175,281.8760745683359,281.35493624175433,280.83379791517274,280.31265958859115,279.79152126200955,279.27038293542796,278.74924460884637,278.2281062822648,277.7069679556831,277.18582962910153,276.66469130251994,276.14355297593835,275.62241464935676,275.10127632277516,2014-10-01,1,0.805,289.7749492661428,10,2014,-0.521138326581599,294.3833944062943,2014
2014-10-02,286.9972489578796,285.8975710242822,284.79789309068474,283.6982151570873,282.5985372234898,281.4988592898924,280.39918135629495,279.29950342269746,278.1998254891,277.1001475555026,276.0004696219051,274.90079168830766,273.80111375471023,272.70143582111274,271.6017578875153,270.50207995391787,269.4024020203204,268.30272408672295,267.2030461531255,266.103368219528,265.0036902859306,263.90401235233315,262.8043344187357,261.70465648513823,260.6049785515408,259.50530061794336,258.4056226843459,257.30594475074844,256.206266817151,255.1065888835535,2014-10-02,2,0.812,286.3731610411107,10,2014,-1.0996779335974518,295.79467242665925,2014
2014-10-03,282.56336589289725,280.71342008478626,278.8634742766753,277.0135284685643,275.1635826604533,273.3136368523423,271.46369104423127,269.6137452361203,267.7637994280093,265.9138536198983,264.0639078117873,262.21396200367633,260.36401619556534,258.51407038745435,256.66412457934337,254.81417877123235,252.96423296312136,251.11428715501035,249.26434134689936,247.41439553878837,245.56444973067738,243.7145039225664,241.8645581144554,240.0146123063444,238.1646664982334,236.3147206901224,234.4647748820114,232.6148290739004,230.76488326578942,228.91493745767843,2014-10-03,3,0.8180000000000001,282.6636429265024,10,2014,-1.849945808110994,297.3629323577852,2014
2014-10-04,279.56229439484304,277.3202836039505,275.078272813058,272.83626202216544,270.5942512312729,268.3522404403804,266.11022964948785,263.86821885859536,261.6262080677028,259.3841972768103,257.14218648591776,254.90017569502524,252.65816490413272,250.4161541132402,248.17414332234767,245.93213253145515,243.69012174056263,241.4481109496701,239.2061001587776,236.96408936788504,234.72207857699254,232.4800677861,230.23805699520747,227.99604620431495,225.75403541342243,223.5120246225299,221.27001383163739,219.02800304074486,216.7859922498523,214.54398145895982,2014-10-04,4,0.8180000000000001,282.6636429265024,10,2014,-2.2420107908925244,297.4983807219832,2014
2014-10-05,279.3120500462129,277.4755156917696,275.6389813373263,273.802446982883,271.96591262843964,270.12937827399634,268.29284391955304,266.45630956510973,264.6197752106664,262.7832408562231,260.9467065017798,259.11017214733647,257.27363779289317,255.43710343844984,253.6005690840065,251.7640347295632,249.92750037511988,248.09096602067657,246.25443166623324,244.41789731178994,242.58136295734664,240.7448286029033,238.90829424846,237.07175989401668,235.23522553957338,233.39869118513005,231.56215683068675,229.72562247624342,227.8890881218001,226.0525537673568,2014-10-05,5,0.8180000000000001,282.6636429265024,10,2014,-1.8365343544433144,294.00432488175943,2014
2014-10-06,275.8614205159606,273.75508915153335,271.6487577871061,269.5424264226788,267.4360950582515,265.32976369382425,263.2234323293969,261.11710096496967,259.0107696005424,256.90443823611514,254.79810687168785,252.69177550726056,250.5854441428333,248.47911277840603,246.37278141397874,244.26645004955145,242.1601186851242,240.05378732069693,237.94745595626964,235.84112459184234,233.73479322741508,231.62846186298782,229.52213049856053,227.41579913413324,225.30946776970598,223.2031364052787,221.09680504085142,218.99047367642413,216.88414231199687,214.7778109475696,2014-10-06,6,0.8280000000000001,276.09323346278455,10,2014,-2.1063313644272768,292.71207143137883,2014
2014-10-07,269.4249976618061,266.4548497180044,263.4847017742028,260.5145538304011,257.5444058865994,254.57425794279774,251.60410999899608,248.6339620551944,245.66381411139272,242.69366616759103,239.72351822378937,236.75337027998768,233.78322233618601,230.81307439238435,227.84292644858266,224.87277850478097,221.9026305609793,218.93248261717764,215.96233467337595,212.99218672957429,210.02203878577262,207.05189084197093,204.08174289816924,201.11159495436758,198.1414470105659,195.17129906676422,192.20115112296253,189.23100317916087,186.2608552353592,183.2907072915575,2014-10-07,7,0.845,268.90685350954425,10,2014,-2.9701479438016762,293.18618121221954,2014
2014-10-08,262.71750070468835,259.0190320707477,255.32056343680708,251.62209480286646,247.9236261689258,244.2251575349852,240.52668890104457,236.82822026710392,233.1297516331633,229.43128299922267,225.73281436528202,222.0343457313414,218.33587709740078,214.63740846346013,210.9389398295195,207.2404711955789,203.54200256163824,199.84353392769762,196.145065293757,192.44659665981635,188.74812802587573,185.0496593919351,181.35119075799446,177.65272212405387,173.95425349011322,170.25578485617257,166.55731622223198,162.85884758829133,159.1603789543507,155.46191032041006,2014-10-08,8,0.851,263.21544989020924,10,2014,-3.69846863394063,292.3052497762134,2014
2014-10-09,255.9709013167673,251.5613069101327,247.15171250349812,242.74211809686352,238.33252369022892,233.92292928359433,229.51333487695973,225.10374047032516,220.69414606369057,216.28455165705597,211.8749572504214,207.4653628437868,203.0557684371522,198.6461740305176,194.23657962388302,189.82698521724842,185.41739081061382,181.00779640397923,176.59820199734466,172.18860759071006,167.77901318407547,163.3694187774409,158.9598243708063,154.5502299641717,150.1406355575371,145.7310411509025,141.32144674426792,136.91185233763335,132.50225793099875,128.09266352436416,2014-10-09,9,0.856,259.05848696109416,10,2014,-4.409594406634591,291.247656569844,2014
2014-10-10,249.64211568167045,244.611771717405,239.58142775313954,234.55108378887405,229.5207398246086,224.49039586034314,219.4600518960777,214.42970793181223,209.39936396754678,204.36902000328132,199.33867603901587,194.3083320747504,189.27798811048496,184.2476441462195,179.21730018195402,174.18695621768856,169.1566122534231,164.12626828915765,159.0959243248922,154.06558036062674,149.03523639636126,144.0048924320958,138.97454846783035,133.9442045035649,128.91386053929944,123.88351657503398,118.85317261076852,113.82282864650307,108.79248468223761,103.76214071797213,2014-10-10,10,0.867,255.7431310944885,10,2014,-5.030343964265459,289.8848673957941,2014
2014-10-11,245.21015900613253,240.15508262693933,235.10000624774617,230.04492986855297,224.9898534893598,219.93477711016664,214.87970073097347,209.8246243517803,204.7695479725871,199.7144715933939,194.65939521420074,189.60431883500758,184.5492424558144,179.49416607662124,174.43908969742805,169.38401331823488,164.32893693904168,159.27386055984852,154.21878418065535,149.16370780146218,144.10863142226899,139.05355504307582,133.99847866388265,128.94340228468945,123.88832590549629,118.83324952630312,113.77817314710992,108.72309676791676,103.66802038872359,98.6129440095304,2014-10-11,11,0.872,252.33245381571342,10,2014,-5.055076379193176,285.6507700396779,2014
2014-10-12,243.77965184400335,239.53342902213578,235.2872062002682,231.04098337840063,226.79476055653305,222.54853773466544,218.3023149127979,214.0560920909303,209.80986926906274,205.56364644719514,201.3174236253276,197.07120080346,192.82497798159244,188.57875515972484,184.3325323378573,180.08630951598968,175.8400866941221,171.59386387225453,167.34764105038695,163.10141822851938,158.8551954066518,154.60897258478423,150.36274976291665,146.11652694104907,141.8703041191815,137.62408129731392,133.37785847544635,129.13163565357877,124.88541283171119,120.63919000984362,2014-10-12,12,0.8740000000000001,250.0021931864813,10,2014,-4.246222821867577,277.74943441894396,2014
2014-10-13,244.19917630314103,240.9896574630687,237.7801386229964,234.57061978292404,231.3611009428517,228.15158210277937,224.94206326270705,221.7325444226347,218.52302558256238,215.31350674249003,212.1039879024177,208.89446906234537,205.68495022227305,202.47543138220072,199.26591254212838,196.05639370205603,192.8468748619837,189.6373560219114,186.42783718183904,183.21831834176672,180.0087995016944,176.79928066162205,173.5897618215497,170.38024298147738,167.17072414140506,163.9612053013327,160.75168646126036,157.54216762118804,154.33264878111572,151.12312994104337,2014-10-13,13,0.8740000000000001,250.0021931864813,10,2014,-3.209518840072333,269.8753270237197,2014
2014-10-14,244.28357115770012,241.83172646823974,239.37988177877935,236.92803708931896,234.47619239985858,232.0243477103982,229.5725030209378,227.12065833147742,224.66881364201703,222.21696895255664,219.76512426309625,217.31327957363587,214.86143488417548,212.4095901947151,209.9577455052547,207.50590081579432,205.05405612633393,202.60221143687355,200.15036674741316,197.69852205795277,195.24667736849239,192.794832679032,190.3429879895716,187.89114330011122,185.43929861065084,182.98745392119045,180.53560923173006,178.08376454226968,175.6319198528093,173.1800751633489,2014-10-14,14,0.879,248.2827412743233,10,2014,-2.451844689460387,263.8983286733832,2014
2014-10-15,244.87509478043287,243.10444201865164,241.3337892568704,239.56313649508917,237.7924837333079,236.02183097152667,234.25117820974543,232.4805254479642,230.70987268618296,228.93921992440173,227.1685671626205,225.39791440083923,223.62726163905802,221.85660887727676,220.08595611549552,218.31530335371428,216.54465059193305,214.7739978301518,213.00334506837058,211.23269230658934,209.46203954480808,207.69138678302687,205.9207340212456,204.15008125946437,202.37942849768314,200.6087757359019,198.83812297412067,197.0674702123394,195.2968174505582,193.52616468877693,2014-10-15,15,0.879,248.2827412743233,10,2014,-1.770652761781239,259.0403168746828,2014
2014-10-16,245.8183069501001,244.6683052909775,243.51830363185485,242.36830197273224,241.2183003136096,240.068298654487,238.9182969953644,237.76829533624175,236.61829367711914,235.46829201799653,234.3182903588739,233.1682886997513,232.01828704062865,230.86828538150604,229.71828372238343,228.5682820632608,227.4182804041382,226.26827874501555,225.11827708589294,223.96827542677033,222.8182737676477,221.6682721085251,220.51827044940245,219.36826879027984,218.21826713115723,217.0682654720346,215.918263812912,214.76826215378935,213.61826049466674,212.46825883554413,2014-10-16,16,0.879,248.2827412743233,10,2014,-1.1500016591226194,255.01832022308105,2014
2014-10-17,246.88004456076084,246.26191979788072,245.64379503500058,245.02567027212046,244.40754550924032,243.7894207463602,243.1712959834801,242.55317122059995,241.93504645771984,241.3169216948397,240.69879693195958,240.08067216907943,239.46254740619932,238.84442264331918,238.22629788043906,237.60817311755892,236.9900483546788,236.3719235917987,235.75379882891855,235.13567406603843,234.5175493031583,233.89942454027818,233.28129977739803,232.66317501451792,232.04505025163778,231.42692548875766,230.80880072587752,230.1906759629974,229.5725512001173,228.95442643723715,2014-10-17,17,0.879,248.2827412743233,10,2014,-0.6181247628801275,251.82504266380187,2014
2014-10-18,247.54583331197,247.2387883276561,246.9317433433422,246.62469835902826,246.31765337471435,246.01060839040045,245.70356340608654,245.39651842177264,245.08947343745874,244.78242845314483,244.4753834688309,244.168338484517,243.8612935002031,243.55424851588919,243.24720353157528,242.94015854726138,242.63311356294747,242.32606857863357,242.01902359431963,241.71197861000573,241.40493362569183,241.09788864137792,240.79084365706402,240.4837986727501,240.17675368843618,239.86970870412227,239.56266371980837,239.25561873549447,238.94857375118056,238.64152876686666,2014-10-18,18,0.879,248.2827412743233,10,2014,-0.3070449843139085,250.00219318648126,2014
2014-10-19,247.79146929942107,247.6072423088327,247.42301531824435,247.238788327656,247.05456133706764,246.8703343464793,246.68610735589093,246.50188036530258,246.31765337471424,246.13342638412587,245.94919939353753,245.76497240294916,245.5807454123608,245.39651842177247,245.2122914311841,245.02806444059576,244.84383745000738,244.65961045941904,244.4753834688307,244.29115647824233,244.10692948765399,243.92270249706561,243.73847550647727,243.55424851588893,243.37002152530056,243.18579453471222,243.00156754412384,242.8173405535355,242.63311356294716,242.4488865723588,2014-10-19,19,0.879,248.2827412743233,10,2014,-0.18422699058835407,249.2652852241279,2014
2014-10-20,248.28274127432337,248.28274127432337,248.28274127432337,248.2827412743234,248.2827412743234,248.2827412743234,248.2827412743234,248.2827412743234,248.28274127432343,248.28274127432343,248.28274127432343,248.28274127432343,248.28274127432346,248.28274127432346,248.28274127432346,248.28274127432346,248.28274127432348,248.28274127432348,248.28274127432348,248.28274127432348,248.28274127432348,248.2827412743235,248.2827412743235,248.2827412743235,248.2827412743235,248.28274127432354,248.28274127432354,248.28274127432354,248.28274127432354,248.28274127432357,2014-10-20,20,0.879,248.2827412743233,10,2014,6.5325257287720895e-15,248.2827412743233,2014
2014-10-21,246.69191184376814,246.39363132553905,246.09535080730996,245.79707028908086,245.49878977085177,245.20050925262268,244.9022287343936,244.6039482161645,244.3056676979354,244.0073871797063,243.70910666147722,243.41082614324813,243.11254562501904,242.81426510678995,242.51598458856085,242.21770407033176,241.91942355210267,241.62114303387358,241.3228625156445,241.0245819974154,240.7263014791863,240.4280209609572,240.12974044272812,239.83145992449903,239.53317940626994,239.23489888804085,238.93661836981175,238.63833785158266,238.34005733335357,238.04177681512448,2014-10-21,21,0.887,245.4987897708516,10,2014,-0.29828051822909174,249.07815598960087,2014
2014-10-22,245.4987897708518,245.0016555738033,244.5045213767548,244.0073871797063,243.51025298265785,243.01311878560935,242.51598458856085,242.0188503915124,241.5217161944639,241.0245819974154,240.52744780036693,240.03031360331843,239.53317940626994,239.03604520922147,238.53891101217297,238.04177681512448,237.544642618076,237.04750842102752,236.55037422397902,236.05324002693055,235.55610582988206,235.05897163283356,234.5618374357851,234.0647032387366,233.5675690416881,233.07043484463964,232.57330064759114,232.07616645054264,231.57903225349415,231.08189805644568,2014-10-22,22,0.887,245.4987897708516,10,2014,-0.4971341970484867,249.47586334723968,2014
2014-10-23,243.73761166081607,242.95996998784074,242.18232831486543,241.4046866418901,240.6270449689148,239.84940329593945,239.07176162296412,238.2941199499888,237.51647827701348,236.73883660403817,235.96119493106283,235.18355325808753,234.4059115851122,233.6282699121369,232.85062823916155,232.07298656618624,231.2953448932109,230.5177032202356,229.74006154726027,228.96241987428493,228.18477820130963,227.4071365283343,226.62949485535898,225.85185318238365,225.07421150940834,224.296569836433,223.5189281634577,222.74128649048237,221.96364481750706,221.18600314453172,2014-10-23,23,0.894,243.80870383002514,10,2014,-0.7776416729753219,249.95874504461864,2014
2014-10-24,242.6155817571087,241.71721965978864,240.81885756246857,239.9204954651485,239.02213336782842,238.1237712705083,237.22540917318824,236.32704707586817,235.4286849785481,234.53032288122802,233.6319607839079,232.73359868658784,231.83523658926777,230.9368744919477,230.03851239462762,229.1401502973075,228.24178819998744,227.34342610266737,226.4450640053473,225.54670190802722,224.6483398107071,223.74997771338704,222.85161561606697,221.9532535187469,221.05489142142682,220.1565293241067,219.25816722678664,218.35980512946657,217.4614430321465,216.56308093482642,2014-10-24,24,0.894,243.80870383002514,10,2014,-0.89836209732008,249.80247853566937,2014
2014-10-25,242.8179620659787,242.08715322206763,241.35634437815654,240.62553553424544,239.89472669033438,239.1639178464233,238.4331090025122,237.70230015860113,236.97149131469004,236.24068247077895,235.5098736268679,234.7790647829568,234.0482559390457,233.3174470951346,232.58663825122355,231.85582940731246,231.12502056340136,230.3942117194903,229.6634028755792,228.93259403166812,228.20178518775703,227.47097634384596,226.74016749993487,226.00935865602378,225.27854981211271,224.54774096820162,223.81693212429053,223.08612328037947,222.35531443646838,221.62450559255728,2014-10-25,25,0.888,245.00791234096073,10,2014,-0.7308088439110831,248.66443281726737,2014
2014-10-26,242.274150235031,241.600223162361,240.926296089691,240.252369017021,239.578441944351,238.90451487168102,238.23058779901103,237.55666072634102,236.88273365367104,236.20880658100103,235.53487950833104,234.86095243566106,234.18702536299105,233.51309829032107,232.83917121765109,232.16524414498107,231.4913170723111,230.81738999964108,230.1434629269711,229.4695358543011,228.7956087816311,228.12168170896112,227.4477546362911,226.77382756362113,226.09990049095114,225.42597341828113,224.75204634561115,224.07811927294114,223.40419220027115,222.73026512760117,2014-10-26,26,0.895,242.8833688629393,10,2014,-0.6739270726699939,247.66556681639094,2014
2014-10-27,246.56957693344802,246.90809753851946,247.24661814359092,247.5851387486624,247.92365935373385,248.26217995880532,248.60070056387679,248.93922116894822,249.2777417740197,249.61626237909115,249.95478298416262,250.29330358923409,250.63182419430552,250.970344799377,251.30886540444845,251.64738600951992,251.98590661459139,252.32442721966285,252.6629478247343,253.00146842980575,253.33998903487722,253.6785096399487,254.01703024502015,254.35555085009162,254.69407145516305,255.03259206023452,255.371112665306,255.70963327037745,256.0481538754489,256.38667448052036,2014-10-27,27,0.8740000000000001,250.0021931864813,10,2014,0.3385206050714607,243.86141209287632,2014
2014-10-28,249.4262455714972,250.31809749980846,251.20994942811973,252.101801356431,252.9936532847423,253.88550521305356,254.77735714136483,255.66920906967613,256.5610609979874,257.45291292629867,258.34476485460993,259.23661678292126,260.12846871123253,261.0203206395438,261.91217256785507,262.80402449616633,263.6958764244776,264.5877283527889,265.4795802811002,266.37143220941147,267.26328413772274,268.155136066034,269.0469879943453,269.93883992265654,270.8306918509678,271.72254377927914,272.6143957075904,273.5062476359017,274.39809956421294,275.2899514925242,2014-10-28,28,0.8740000000000001,250.0021931864813,10,2014,0.8918519283112776,242.29143014500696,2014
2014-10-29,250.65702691465205,251.7571473393423,252.85726776403257,253.95738818872286,255.05750861341312,256.1576290381034,257.25774946279364,258.35786988748396,259.4579903121742,260.5581107368645,261.65823116155474,262.758351586245,263.85847201093526,264.9585924356256,266.05871286031584,267.1588332850061,268.25895370969636,269.3590741343866,270.4591945590769,271.5593149837672,272.65943540845745,273.7595558331477,274.859676257838,275.95979668252824,277.05991710721855,278.1600375319088,279.2601579565991,280.36027838128933,281.4603988059796,282.56051923066985,2014-10-29,29,0.879,248.2827412743233,10,2014,1.10012042469027,241.85606351712988,2014
2014-10-30,249.17494892354424,249.8441896382852,250.51343035302617,251.1826710677671,251.85191178250807,252.52115249724903,253.19039321199,253.85963392673096,254.52887464147193,255.1981153562129,255.86735607095386,256.5365967856948,257.2058375004358,257.87507821517676,258.54431892991767,259.21355964465863,259.8828003593996,260.55204107414056,261.2212817888815,261.8905225036225,262.55976321836346,263.2290039331044,263.8982446478454,264.56748536258635,265.2367260773273,265.9059667920683,266.57520750680925,267.2444482215502,267.9136889362911,268.5829296510321,2014-10-30,30,0.887,245.4987897708516,10,2014,0.6692407147409614,243.82102320561654,2014
2014-10-31,249.04225951430223,249.5185408251506,249.994822135999,250.4711034468474,250.94738475769577,251.42366606854415,251.89994737939253,252.3762286902409,252.85251000108929,253.32879131193766,253.80507262278604,254.28135393363445,254.75763524448283,255.2339165553312,255.71019786617958,256.186479177028,256.66276048787637,257.13904179872475,257.6153231095731,258.0916044204215,258.5678857312699,259.04416704211826,259.52044835296664,259.996729663815,260.4730109746634,260.9492922855118,261.42557359636015,261.90185490720853,262.37813621805697,262.85441752890534,2014-10-31,31,0.879,248.2827412743233,10,2014,0.47628131084838227,245.23200902751518,2014
2014-11-01,248.78436840341865,249.07921876035462,249.37406911729062,249.66891947422658,249.96376983116255,250.25862018809852,250.5534705450345,250.84832090197045,251.14317125890642,251.43802161584242,251.73287197277838,252.02772232971435,252.32257268665032,252.61742304358629,252.91227340052225,253.20712375745825,253.50197411439422,253.79682447133018,254.09167482826615,254.38652518520212,254.68137554213808,254.97622589907405,255.27107625601005,255.56592661294601,255.86077696988198,256.155627326818,256.45047768375395,256.7453280406899,257.0401783976259,257.33502875456185,2014-11-01,1,0.879,248.2827412743233,11,2014,0.2948503569359717,246.4255655479309,2014
2014-11-02,249.46224740655404,249.5891001945319,249.7159529825098,249.84280577048767,249.96965855846557,250.09651134644344,250.22336413442133,250.35021692239923,250.4770697103771,250.603922498355,250.73077528633286,250.85762807431075,250.98448086228862,251.11133365026652,251.2381864382444,251.36503922622228,251.49189201420018,251.61874480217804,251.74559759015594,251.8724503781338,251.9993031661117,252.1261559540896,252.25300874206746,252.37986153004536,252.50671431802323,252.63356710600112,252.760419893979,252.8872726819569,253.01412546993478,253.14097825791265,2014-11-02,2,0.872,252.33245381571342,11,2014,0.1268527879778836,248.44742510273096,2014
2014-11-03,250.50960433839293,250.89829635933052,251.28698838026813,251.6756804012057,252.06437242214332,252.4530644430809,252.84175646401852,253.2304484849561,253.6191405058937,254.0078325268313,254.39652454776888,254.7852165687065,255.17390858964407,255.56260061058168,255.95129263151927,256.33998465245685,256.7286766733945,257.1173686943321,257.50606071526965,257.89475273620724,258.2834447571449,258.67213677808246,259.06082879902004,259.4495208199576,259.83821284089527,260.22690486183285,260.61559688277043,261.004288903708,261.3929809246456,261.78167294558324,2014-11-03,3,0.8740000000000001,250.0021931864813,11,2014,0.38869202093759647,247.40006817089215,2014
2014-11-04,250.57441732042707,251.040721583736,251.50702584704493,251.97333011035383,252.43963437366276,252.90593863697165,253.37224290028058,253.83854716358948,254.3048514268984,254.7711556902073,255.23745995351624,255.70376421682516,256.1700684801341,256.63637274344296,257.1026770067519,257.5689812700608,258.03528553336974,258.5015897966786,258.96789405998754,259.43419832329647,259.9005025866054,260.3668068499143,260.8331111132232,261.2994153765321,261.76571963984105,262.23202390315,262.69832816645885,263.1646324297678,263.6309366930767,264.09724095638563,2014-11-04,4,0.879,248.2827412743233,11,2014,0.466304263308915,246.84398321395577,2014
2014-11-05,248.55712889700385,248.61853789386666,248.67994689072947,248.74135588759228,248.8027648844551,248.8641738813179,248.9255828781807,248.98699187504351,249.04840087190632,249.10980986876913,249.17121886563194,249.23262786249475,249.29403685935756,249.35544585622037,249.41685485308318,249.478263849946,249.53967284680883,249.60108184367164,249.66249084053445,249.72389983739725,249.78530883426006,249.84671783112287,249.90812682798568,249.9695358248485,250.0309448217113,250.0923538185741,250.15376281543692,250.21517181229973,250.27658080916254,250.33798980602535,2014-11-05,5,0.887,245.4987897708516,11,2014,0.061408996862811115,248.06585692210135,2014
2014-11-06,245.7444257583029,245.10265897049047,244.46089218267804,243.8191253948656,243.17735860705318,242.53559181924075,241.89382503142832,241.2520582436159,240.61029145580346,239.96852466799106,239.32675788017863,238.6849910923662,238.04322430455377,237.40145751674135,236.75969072892892,236.1179239411165,235.47615715330406,234.83439036549163,234.1926235776792,233.55085678986677,232.90909000205437,232.26732321424194,231.6255564264295,230.98378963861708,230.34202285080465,229.70025606299222,229.0584892751798,228.41672248736737,227.77495569955494,227.1331889117425,2014-11-06,6,0.887,245.4987897708516,11,2014,-0.6417667878124266,250.8785600608023,2014
2014-11-07,244.1248446925183,243.17760947766945,242.23037426282056,241.2831390479717,240.3359038331228,239.38866861827395,238.4414334034251,237.4941981885762,236.54696297372735,235.5997277588785,234.6524925440296,233.70525732918074,232.75802211433185,231.810786899483,230.86355168463413,229.91631646978524,228.96908125493638,228.0218460400875,227.07461082523864,226.12737561038978,225.1801403955409,224.23290518069203,223.28566996584317,222.33843475099428,221.39119953614542,220.44396432129656,219.49672910644767,218.54949389159881,217.60225867674993,216.65502346190107,2014-11-07,7,0.887,245.4987897708516,11,2014,-0.9472352148488704,251.70272641130927,2014
2014-11-08,245.4763443647325,244.8055750710744,244.1348057774163,243.4640364837582,242.7932671901001,242.12249789644198,241.45172860278387,240.7809593091258,240.11019001546768,239.43942072180957,238.7686514281515,238.09788213449337,237.42711284083526,236.75634354717718,236.08557425351907,235.41480495986096,234.74403566620288,234.07326637254477,233.40249707888665,232.73172778522857,232.06095849157046,231.39018919791235,230.71941990425427,230.04865061059616,229.37788131693804,228.70711202327996,228.03634272962185,227.36557343596374,226.69480414230566,226.02403484864755,2014-11-08,8,0.8740000000000001,250.0021931864813,11,2014,-0.670769293658102,250.84249871399732,2014
2014-11-09,249.649376641081,250.02186541651002,250.39435419193904,250.76684296736806,251.13933174279708,251.5118205182261,251.88430929365512,252.25679806908414,252.62928684451316,253.00177561994218,253.37426439537123,253.74675317080025,254.11924194622927,254.49173072165829,254.8642194970873,255.23670827251632,255.60919704794534,255.98168582337436,256.3541745988034,256.72666337423243,257.09915214966145,257.47164092509047,257.8441297005195,258.2166184759485,258.5891072513775,258.96159602680655,259.33408480223557,259.7065735776646,260.0790623530936,260.4515511285226,2014-11-09,9,0.872,252.33245381571342,11,2014,0.3724887754290218,246.66946643764882,2014
2014-11-10,252.82372579061575,253.90657825952732,254.98943072843892,256.0722831973505,257.1551356662621,258.2379881351736,259.3208406040852,260.40369307299676,261.48654554190836,262.56939801081995,263.6522504797315,264.7351029486431,265.8179554175547,266.9008078864662,267.9836603553778,269.06651282428936,270.14936529320096,271.23221776211255,272.3150702310241,273.3979226999357,274.4807751688473,275.5636276377588,276.6464801066704,277.729332575582,278.81218504449356,279.89503751340516,280.9778899823167,282.0607424512283,283.1435949201399,284.22644738905143,2014-11-10,10,0.872,252.33245381571342,11,2014,1.0828524689115755,244.16090603932315,2014
2014-11-11,254.92827260219258,256.3926291832344,257.85698576427626,259.32134234531804,260.7856989263599,262.2500555074017,263.71441208844357,265.1787686694854,266.64312525052725,268.1074818315691,269.5718384126109,271.0361949936527,272.50055157469455,273.9649081557364,275.42926473677824,276.8936213178201,278.3579778988619,279.8223344799037,281.28669106094554,282.7510476419874,284.2154042230292,285.67976080407107,287.1441173851129,288.60847396615475,290.07283054719653,291.5371871282384,293.0015437092802,294.46590029032205,295.9302568713639,297.39461345240574,2014-11-11,11,0.872,252.33245381571342,11,2014,1.4643565810418326,243.2134199538579,2014
2014-11-12,255.26116697779722,256.5646877225666,257.86820846733593,259.1717292121053,260.4752499568746,261.77877070164396,263.0822914464133,264.38581219118265,265.689332935952,266.9928536807214,268.29637442549074,269.5998951702601,270.9034159150294,272.20693665979877,273.5104574045681,274.81397814933746,276.1174988941068,277.42101963887615,278.7245403836455,280.02806112841483,281.3315818731842,282.6351026179536,283.9386233627229,285.24214410749227,286.5456648522616,287.84918559703095,289.1527063418003,290.45622708656964,291.759747831339,293.0632685761083,2014-11-12,12,0.872,252.33245381571342,11,2014,1.3035207447693489,244.83300101964244,2014
2014-11-13,258.4612711443533,260.0805430311102,261.69981491786706,263.3190868046239,264.9383586913808,266.5576305781377,268.17690246489457,269.7961743516514,271.4154462384083,273.0347181251652,274.6539900119221,276.2732618986789,277.89253378543583,279.51180567219274,281.1310775589496,282.75034944570643,284.36962133246334,285.98889321922024,287.6081651059771,289.22743699273394,290.84670887949085,292.46598076624775,294.0852526530046,295.70452453976145,297.32379642651836,298.94306831327526,300.5623402000321,302.18161208678896,303.80088397354587,305.42015586030277,2014-11-13,13,0.856,259.05848696109416,11,2014,1.6192718867568772,245.5070960502983,2014
2014-11-14,265.35191373998924,267.8578439992732,270.3637742585572,272.86970451784117,275.37563477712513,277.8815650364091,280.3874952956931,282.89342555497706,285.399355814261,287.90528607354497,290.411216332829,292.91714659211294,295.4230768513969,297.9290071106809,300.43493736996487,302.9408676292488,305.44679788853284,307.9527281478168,310.45865840710076,312.96458866638477,315.4705189256687,317.9764491849527,320.4823794442367,322.98830970352066,325.4942399628046,328.00017022208857,330.5061004813725,333.01203074065654,335.5179609999405,338.02389125922446,2014-11-14,14,0.845,268.90685350954425,11,2014,2.505930259283974,245.30447166571744,2014
2014-11-15,265.2009392376818,267.3456868080098,269.49043437833785,271.6351819486659,273.779929518994,275.924677089322,278.06942465965005,280.2141722299781,282.3589198003061,284.50366737063416,286.6484149409622,288.7931625112903,290.9379100816183,293.08265765194636,295.2274052222744,297.37215279260244,299.5169003629305,301.66164793325856,303.8063955035866,305.95114307391464,308.0958906442427,310.2406382145707,312.38538578489874,314.5301333552268,316.6748809255549,318.8196284958829,320.96437606621095,323.109123636539,325.2538712068671,327.3986187771951,2014-11-15,15,0.856,259.05848696109416,11,2014,2.1447475703280454,248.0429586750574,2014
2014-11-16,264.7548916086718,266.5479118022695,268.34093199586715,270.1339521894648,271.92697238306255,273.7199925766602,275.5130127702579,277.3060329638556,279.0990531574533,280.89207335105095,282.6850935446487,284.47811373824635,286.271133931844,288.06415412544175,289.8571743190394,291.6501945126371,293.4432147062348,295.2362348998325,297.02925509343015,298.8222752870279,300.61529548062555,302.4083156742232,304.20133586782094,305.9943560614186,307.7873762550163,309.580396448614,311.3734166422117,313.16643683580935,314.9594570294071,316.75247722300475,2014-11-16,16,0.856,259.05848696109416,11,2014,1.7930201935976877,250.41073005989028,2014
2014-11-17,265.72338948981604,267.36985572246783,269.01632195511957,270.6627881877713,272.30925442042303,273.9557206530748,275.60218688572655,277.24865311837834,278.8951193510301,280.5415855836818,282.18805181633354,283.83451804898533,285.48098428163706,287.12745051428885,288.7739167469406,290.4203829795923,292.06684921224405,293.71331544489584,295.3597816775476,297.00624791019936,298.6527141428511,300.29918037550283,301.94564660815456,303.59211284080635,305.2385790734581,306.8850453061099,308.5315115387616,310.17797777141334,311.82444400406507,313.47091023671686,2014-11-17,17,0.851,263.21544989020924,11,2014,1.6464662326517516,252.55165962860204,2014
2014-11-18,268.3894042856524,270.11043137105503,271.83145845645765,273.5524855418603,275.27351262726285,276.99453971266547,278.7155667980681,280.43659388347066,282.1576209688733,283.8786480542759,285.59967513967854,287.32070222508116,289.04172931048373,290.76275639588636,292.483783481289,294.20481056669155,295.9258376520942,297.6468647374968,299.3678918228994,301.088918908302,302.8099459937046,304.53097307910724,306.2520001645098,307.97302724991243,309.69405433531506,311.4150814207177,313.1361085061203,314.8571355915229,316.5781626769255,318.2991897623281,2014-11-18,18,0.845,268.90685350954425,11,2014,1.7210270854026097,254.62118760243155,2014
2014-11-19,270.56240588514106,272.1175681374272,273.6727303897134,275.2278926419996,276.7830548942858,278.33821714657194,279.89337939885814,281.4485416511443,283.0037039034305,284.55886615571666,286.1140284080028,287.669190660289,289.22435291257517,290.7795151648614,292.33467741714753,293.88983966943374,295.4450019217199,297.0001641740061,298.55532642629225,300.11048867857846,301.6656509308646,303.2208131831508,304.775975435437,306.3311376877232,307.88629994000934,309.44146219229555,310.9966244445817,312.5517866968679,314.10694894915406,315.6621112014402,2014-11-19,19,0.838,272.18768033939347,11,2014,1.555162252286179,258.1211078668516,2014
2014-11-20,275.01327682834784,277.0727730128039,279.13226919726,281.1917653817161,283.25126156617216,285.3107577506282,287.37025393508435,289.4297501195404,291.4892463039965,293.5487424884526,295.60823867290867,297.66773485736474,299.72723104182086,301.7867272262769,303.846223410733,305.9057195951891,307.9652157796452,310.02471196410124,312.08420814855737,314.14370433301343,316.2032005174695,318.2626967019256,320.3221928863817,322.38168907083775,324.4411852552939,326.50068143974994,328.56017762420606,330.6196738086621,332.6791699931182,334.73866617757426,2014-11-20,20,0.8280000000000001,276.09323346278455,11,2014,2.059496184456085,258.53730735269914,2014
2014-11-21,285.9790643351623,290.2278682658349,294.4766721965075,298.7254761271801,302.9742800578527,307.22308398852533,311.4718879191979,315.7206918498705,319.96949578054307,324.2182997112157,328.4671036418883,332.7159075725609,336.9647115032335,341.2135154339061,345.46231936457866,349.7111232952513,353.9599272259239,358.2087311565965,362.4575350872691,366.7063390179417,370.95514294861425,375.2039468792869,379.45275080995947,383.7015547406321,387.9503586713047,392.19916260197726,396.44796653264984,400.6967704633225,404.9455743939951,409.1943783246677,2014-11-21,21,0.8130000000000001,284.36674916318333,11,2014,4.248803930672599,251.9886328897815,2014
2014-11-22,291.6620878723653,296.3561236130524,301.05015935373945,305.7441950944266,310.4382308351136,315.1322665758007,319.8263023164878,324.52033805717485,329.2143737978619,333.908409538549,338.60244527923606,343.29648101992314,347.9905167606102,352.6845525012973,357.37858824198435,362.0726239826714,366.7666597233585,371.46069546404556,376.1547312047326,380.8487669454197,385.5428026861068,390.23683842679384,394.93087416748097,399.624909908168,404.3189456488551,409.0129813895421,413.70701713022925,418.40105287091626,423.0950886116034,427.7891243522904,2014-11-22,22,0.812,286.3731610411107,11,2014,4.694035740687073,254.10980194686874,2014
2014-11-23,295.3868940981561,299.91511488439625,304.44333567063643,308.97155645687656,313.4997772431167,318.0279980293568,322.556218815597,327.0844396018371,331.6126603880773,336.1408811743174,340.66910196055755,345.1973227467977,349.72554353303786,354.253764319278,358.7819851055182,363.3102058917583,367.8384266779984,372.36664746423855,376.89486825047874,381.42308903671886,385.95130982295905,390.4795306091992,395.0077513954393,399.5359721816794,404.0641929679196,408.5924137541598,413.1206345403999,417.64885532664005,422.1770761128802,426.7052968991203,2014-11-23,23,0.805,289.7749492661428,11,2014,4.528220786240146,259.16112780823494,2014
2014-11-24,299.9301865764733,304.4316146359613,308.9330426954493,313.43447075493725,317.93589881442523,322.4373268739132,326.9387549334012,331.44018299288916,335.94161105237714,340.4430391118651,344.9444671713531,349.4458952308411,353.94732329032905,358.44875134981703,362.950179409305,367.451607468793,371.9530355282809,376.45446358776894,380.95589164725686,385.4573197067449,389.9587477662328,394.46017582572085,398.9616038852088,403.4630319446968,407.96446000418473,412.46588806367276,416.9673161231607,421.4687441826487,425.97017224213664,430.4716003016247,2014-11-24,24,0.7879999999999999,295.76869358749036,11,2014,4.501428059487977,263.9187621005695,2014
2014-11-25,300.5048345391852,304.3004077898706,308.09598104055596,311.89155429124133,315.6871275419267,319.4827007926121,323.2782740432975,327.07384729398285,330.86942054466823,334.66499379535367,338.46056704603905,342.2561402967244,346.0517135474098,349.8472867980952,353.64286004878056,357.43843329946594,361.2340065501513,365.0295798008367,368.8251530515221,372.62072630220746,376.41629955289284,380.2118728035782,384.0074460542636,387.80301930494903,391.5985925556344,395.3941658063198,399.18973905700517,402.98531230769055,406.7808855583759,410.5764588090613,2014-11-25,25,0.799,292.6933238949998,11,2014,3.795573250685384,270.1402485337021,2014
2014-11-26,299.08748394533865,301.79637513486216,304.5052663243857,307.21415751390924,309.92304870343276,312.63193989295627,315.34083108247984,318.04972227200335,320.75861346152686,323.46750465105043,326.17639584057395,328.88528703009746,331.594178219621,334.30306940914454,337.01196059866805,339.7208517881916,342.42974297771514,345.1386341672387,347.8475253567622,350.55641654628573,353.2653077358093,355.9741989253328,358.6830901148563,361.3919813043799,364.1008724939034,366.8097636834269,369.5186548729505,372.227546062474,374.9364372519975,377.6453284415211,2014-11-26,26,0.799,292.6933238949998,11,2014,2.708891189523532,277.4163544291504,2014
2014-11-27,296.41456418214455,297.86236505829044,299.3101659344363,300.7579668105822,302.2057676867281,303.65356856287406,305.10136943901995,306.54917031516584,307.99697119131173,309.4447720674576,310.8925729436035,312.3403738197494,313.7881746958953,315.2359755720412,316.68377644818713,318.131577324333,319.5793782004789,321.0271790766248,322.4749799527707,323.9227808289166,325.3705817050625,326.81838258120837,328.26618345735426,329.7139843335002,331.1617852096461,332.609586085792,334.0573869619379,335.50518783808377,336.95298871422966,338.40078959037555,2014-11-27,27,0.799,292.6933238949998,11,2014,1.4478008761458976,284.83215717297736,2014
2014-11-28,296.67334948165666,297.7786343818125,298.88391928196836,299.9892041821242,301.09448908228,302.19977398243583,303.3050588825917,304.41034378274753,305.51562868290335,306.6209135830592,307.72619848321506,308.8314833833709,309.9367682835267,311.0420531836825,312.1473380838384,313.25262298399423,314.35790788415005,315.4631927843059,316.56847768446175,317.6737625846176,318.7790474847734,319.8843323849293,320.9896172850851,322.0949021852409,323.20018708539675,324.3054719855526,325.41075688570845,326.5160417858643,327.6213266860201,328.726611586176,2014-11-28,28,0.7879999999999999,295.76869358749036,11,2014,1.1052849001558376,287.83107028040996,2014
2014-11-29,300.32161351105253,301.7435073642249,303.1654012173973,304.58729507056967,306.009188923742,307.43108277691437,308.85297663008674,310.2748704832591,311.6967643364315,313.1186581896039,314.54055204277626,315.96244589594863,317.38433974912095,318.80623360229333,320.2281274554657,321.6500213086381,323.07191516181047,324.49380901498284,325.9157028681552,327.3375967213276,328.7594905744999,330.1813844276723,331.6032782808447,333.02517213401705,334.44706598718943,335.8689598403618,337.2908536935342,338.7127475467065,340.1346413998789,341.55653525305127,2014-11-29,29,0.778,303.045958562418,11,2014,1.4218938531723706,288.94646268567357,2014
2014-11-30,303.0459585624181,304.67497406070777,306.3039895589974,307.933005057287,309.5620205555767,311.19103605386636,312.820051552156,314.4490670504456,316.07808254873527,317.70709804702494,319.33611354531456,320.9651290436042,322.59414454189385,324.22316004018353,325.85217553847315,327.48119103676277,329.11020653505244,330.7392220333421,332.36823753163173,333.99725302992135,335.626268528211,337.2552840265007,338.8842995247903,340.51331502307994,342.1423305213696,343.7713460196593,345.4003615179489,347.0293770162385,348.6583925145282,350.2874080128179,2014-11-30,30,0.778,303.045958562418,11,2014,1.6290154982896468,290.0138345761009,2014
2014-12-01,309.42979640364246,312.2082063108011,314.98661621795975,317.76502612511837,320.54343603227704,323.32184593943566,326.10025584659434,328.87866575375295,331.6570756609116,334.43548556807025,337.2138954752289,339.99230538238754,342.77071528954616,345.54912519670484,348.32753510386345,351.10594501102213,353.88435491818075,356.6627648253394,359.44117473249804,362.2195846396567,364.99799454681533,367.776404453974,370.5548143611326,373.33322426829125,376.1116341754499,378.8900440826086,381.6684539897672,384.44686389692583,387.2252738040845,390.0036837112431,2014-12-01,1,0.773,308.2725150277288,12,2014,2.778409907158645,287.2025171463733,2014
2014-12-02,316.54371473945395,320.3045572795768,324.06539981969956,327.8262423598224,331.58708489994524,335.3479274400681,339.1087699801909,342.8696125203137,346.63045506043653,350.39129760055937,354.15214014068215,357.912982680805,361.6738252209278,365.43466776105066,369.1955103011735,372.9563528412963,376.7171953814191,380.47803792154195,384.23888046166473,387.9997230017876,391.7605655419104,395.52140808203325,399.2822506221561,403.04309316227886,406.8039357024017,410.56477824252454,414.3256207826473,418.08646332277016,421.847305862893,425.60814840301583,2014-12-02,2,0.7659999999999999,314.98263852268406,12,2014,3.760842540122823,286.45697441847136,2014
2014-12-03,326.4991151888647,331.57615652050436,336.65319785214405,341.7302391837837,346.8072805154234,351.884321847063,356.96136317870264,362.03840451034233,367.11544584198197,372.19248717362166,377.2695285052613,382.3465698369009,387.4236111685406,392.50065250018025,397.57769383181994,402.6547351634596,407.7317764950992,412.8088178267389,417.88585915837854,422.9629004900182,428.03994182165786,433.1169831532975,438.19402448493713,443.2710658165768,448.3481071482165,453.42514847985615,458.5021898114958,463.5792311431354,468.6562724747751,473.7333138064148,2014-12-03,3,0.748,325.5275608784038,12,2014,5.0770413316396565,285.8827845357475,2014
2014-12-04,337.413680996596,343.6936017942286,349.9735225918612,356.25344338949384,362.5333641871265,368.8132849847591,375.0932057823917,381.37312658002435,387.65304737765695,393.9329681752896,400.2128889729222,406.4928097705548,412.77273056818746,419.0526513658201,425.3325721634527,431.6124929610853,437.89241375871796,444.1723345563506,450.4522553539832,456.7321761516158,463.0120969492484,469.2920177468811,475.5719385445137,481.8518593421463,488.1317801397789,494.4117009374116,500.69162173504424,506.97154253267684,513.2514633303094,519.5313841279421,2014-12-04,4,0.733,335.4146595013153,12,2014,6.279920797632625,287.17431461553497,2014
2014-12-05,351.7167639559449,359.6456812947945,367.5745986336441,375.5035159724937,383.4324333113433,391.3613506501929,399.2902679890425,407.2191853278921,415.1481026667417,423.0770200055913,431.0059373444409,438.9348546832905,446.8637720221401,454.7926893609897,462.7216066998393,470.65052403868884,478.57944137753844,486.50835871638805,494.43727605523765,502.36619339408725,510.29511073293685,518.2240280717864,526.152945410636,534.0818627494856,542.0107800883352,549.9396974271848,557.8686147660344,565.797532104884,573.7264494437336,581.6553667825832,2014-12-05,5,0.71,349.71837114885767,12,2014,7.928917338849597,288.28542524514813,2014
2014-12-06,358.45833603449626,366.5916021356912,374.7248682368861,382.8581343380811,390.99140043927605,399.12466654047097,407.25793264166595,415.39119874286087,423.52446484405584,431.6577309452508,439.79099704644574,447.92426314764066,456.05752924883564,464.1907953500306,472.3240614512256,480.4573275524205,488.59059365361543,496.7238597548104,504.8571258560054,512.9903919572002,521.1236580583952,529.2569241595902,537.3901902607852,545.5234563619802,553.6567224631751,561.7899885643701,569.923254665565,578.05652076676,586.1897868679548,594.3230529691498,2014-12-06,6,0.718,344.51519776660774,12,2014,8.133266101194952,293.3922072249366,2014
2014-12-07,362.1568409199,369.55361962040195,376.95039832090396,384.34717702140597,391.743955721908,399.14073442241,406.53751312291195,413.93429182341396,421.33107052391597,428.7278492244179,436.12462792491993,443.52140662542195,450.9181853259239,458.31496402642597,465.7117427269279,473.10852142742993,480.50530012793195,487.9020788284339,495.2988575289359,502.6956362294379,510.0924149299399,517.489193630442,524.8859723309439,532.282751031446,539.6795297319479,547.0763084324499,554.4730871329518,561.8698658334539,569.2666445339559,576.6634232344579,2014-12-07,7,0.7120000000000001,349.5571399796468,12,2014,7.396778700501996,302.982611315884,2014
2014-12-08,365.7808396398054,372.3385424071544,378.8962451745035,385.45394794185256,392.0116507092016,398.56935347655065,405.12705624389974,411.6847590112488,418.2424617785979,424.8001645459469,431.35786731329597,437.915570080645,444.4732728479941,451.03097561534315,457.58867838269225,464.1463811500413,470.70408391739034,477.2617866847394,483.8194894520885,490.3771922194376,496.9348949867866,503.49259775413566,510.0503005214847,516.6080032888337,523.1657060561829,529.7234088235319,536.281111590881,542.83881435823,549.3965171255791,555.9542198929281,2014-12-08,8,0.706,357.1346321953489,12,2014,6.5577027673490615,313.3192175010129,2014
2014-12-09,365.30030311931745,370.23244341109216,375.1645837028669,380.0967239946416,385.0288642864163,389.961004578191,394.8931448699658,399.8252851617405,404.7574254535152,409.68956574528994,414.62170603706465,419.55384632883937,424.4859866206141,429.4181269123888,434.3502672041635,439.2824074959383,444.21454778771295,449.1466880794877,454.07882837126243,459.01096866303715,463.94310895481186,468.8752492465866,473.80738953836135,478.739529830136,483.6716701219108,488.60381041368544,493.5359507054602,498.4680909972349,503.40023128900964,508.33237158078435,2014-12-09,9,0.706,357.1346321953489,12,2014,4.932140291774721,325.84318078511967,2014
2014-12-10,363.31730565518563,366.62487260532225,369.9324395554588,373.24000650559543,376.54757345573205,379.8551404058686,383.1627073560052,386.47027430614185,389.77784125627846,393.085408206415,396.39297515655164,399.70054210668826,403.0081090568249,406.31567600696144,409.62324295709806,412.9308099072347,416.23837685737124,419.54594380750785,422.8535107576445,426.16107770778103,429.46864465791765,432.77621160805427,436.0837785581909,439.3913455083275,442.69891245846406,446.0064794086007,449.3140463587373,452.62161330887386,455.9291802590105,459.2367472091471,2014-12-10,10,0.706,357.1346321953489,12,2014,3.3075669501366023,336.8567700540928,2014
2014-12-11,361.5990681619939,363.6674419350743,365.7358157081547,367.80418948123514,369.87256325431554,371.94093702739593,374.0093108004763,376.0776845735567,378.1460583466371,380.2144321197175,382.2828058927979,384.35117966587836,386.41955343895876,388.48792721203915,390.55630098511955,392.62467475819994,394.69304853128034,396.76142230436074,398.8297960774412,400.8981698505216,402.966543623602,405.0349173966824,407.10329116976277,409.17166494284317,411.24003871592356,413.308412489004,415.3767862620844,417.4451600351648,419.5135338082452,421.5819075813256,2014-12-11,11,0.7020000000000001,358.0844060065464,12,2014,2.0683737730804035,345.0520779773507,2014
2014-12-12,362.77245758843,364.8353917589163,366.8983259294025,368.96126009988876,371.024194270375,373.08712844086125,375.1500626113475,377.2129967818338,379.27593095232004,381.3388651228063,383.4017992932925,385.46473346377877,387.5276676342651,389.5906018047513,391.65353597523756,393.7164701457238,395.77940431621005,397.8423384866963,399.90527265718254,401.96820682766884,404.0311409981551,406.0940751686413,408.15700933912757,410.2199435096138,412.2828776801001,414.34581185058636,416.4087460210726,418.47168019155885,420.5346143620451,422.59754853253133,2014-12-12,12,0.7020000000000001,358.0844060065464,12,2014,2.062934170486254,346.26898422453996,2014
2014-12-13,363.76475878734914,365.38840423639044,367.01204968543175,368.63569513447305,370.25934058351436,371.88298603255566,373.50663148159697,375.1302769306383,376.7539223796796,378.3775678287209,380.0012132777622,381.62485872680344,383.24850417584474,384.87214962488605,386.49579507392735,388.11944052296866,389.74308597200996,391.36673142105127,392.9903768700926,394.6140223191339,396.2376677681752,397.8613132172165,399.48495866625774,401.10860411529904,402.73224956434035,404.35589501338166,405.97954046242296,407.60318591146427,409.22683136050557,410.8504768095469,2014-12-13,13,0.6910000000000001,363.761390359501,12,2014,1.6236454490413006,350.77559519501875,2014
2014-12-14,369.70109611606733,371.9557400010222,374.2103838859771,376.46502777093195,378.7196716558868,380.97431554084176,383.22895942579663,385.4836033107515,387.7382471957064,389.9928910806613,392.2475349656162,394.50217885057106,396.75682273552593,399.0114666204808,401.26611050543573,403.5207543903906,405.7753982753455,408.03004216030035,410.2846860452553,412.53932993021016,414.79397381516503,417.0486177001199,419.3032615850748,421.5579054700297,423.8125493549846,426.06719323993946,428.32183712489433,430.5764810098492,432.83112489480413,435.085768779759,2014-12-14,14,0.6829999999999999,373.44354507509377,12,2014,2.2546438849548855,351.66394503642823,2014
2014-12-15,375.4725865235942,378.58764183615415,381.70269714871415,384.81775246127415,387.93280777383416,391.04786308639416,394.16291839895416,397.2779737115141,400.3930290240741,403.5080843366341,406.6231396491941,409.7381949617541,412.85325027431406,415.96830558687407,419.08336089943407,422.1984162119941,425.3134715245541,428.4285268371141,431.5435821496741,434.658637462234,437.77369277479403,440.88874808735403,444.00380339991403,447.11885871247404,450.233914025034,453.348969337594,456.464024650154,459.579079962714,462.694135275274,465.809190587834,2014-12-15,15,0.6829999999999999,373.44354507509377,12,2014,3.115055312559993,350.55214402311424,2014
2014-12-16,382.2581164691069,386.2781003290752,390.2980841890435,394.3180680490118,398.3380519089801,402.3580357689484,406.3780196289167,410.398003488885,414.41798734885333,418.43797120882164,422.45795506878994,426.47793892875825,430.49792278872656,434.51790664869486,438.53789050866317,442.5578743686315,446.5778582285998,450.5978420885681,454.6178259485364,458.6378098085047,462.657793668473,466.6777775284413,470.6977613884096,474.7177452483779,478.73772910834623,482.75771296831454,486.77769682828284,490.79768068825115,494.81766454821945,498.83764840818776,2014-12-16,16,0.6779999999999999,379.29534248650543,12,2014,4.019983859968307,350.09824558936043,2014
2014-12-17,390.28098651308403,395.2400367041802,400.1990868952765,405.1581370863727,410.11718727746893,415.0762374685652,420.0352876596614,424.99433785075763,429.9533880418538,434.9124382329501,439.87148842404633,444.83053861514253,449.7895888062387,454.748638997335,459.70768918843123,464.6667393795274,469.6257895706237,474.5848397617199,479.54388995281613,484.5029401439124,489.4619903350086,494.42104052610483,499.380090717201,504.3391409082973,509.29819109939353,514.2572412904897,519.2162914815859,524.1753416726822,529.1343918637784,534.0934420548747,2014-12-17,17,0.6659999999999999,387.00086523160724,12,2014,4.959050191096229,350.6085849843142,2014
2014-12-18,399.0711500395625,404.90583215798887,410.74051427641524,416.5751963948416,422.409878513268,428.24456063169436,434.0792427501207,439.9139248685471,445.74860698697347,451.58328910539984,457.4179712238262,463.2526533422526,469.08733546067896,474.92201757910533,480.75669969753164,486.591381815958,492.4260639343844,498.26074605281076,504.09542817123713,509.9301102896635,515.7647924080899,521.5994745265162,527.4341566449426,533.268838763369,539.1035208817954,544.9382030002217,550.7728851186481,556.6075672370745,562.4422493555008,568.2769314739272,2014-12-18,18,0.657,395.097856726651,12,2014,5.834682118426371,352.3936930921515,2014
2014-12-19,397.946825466001,402.46769575442767,406.98856604285436,411.50943633128105,416.03030661970774,420.55117690813444,425.07204719656113,429.5929174849878,434.1137877734145,438.6346580618412,443.1555283502679,447.67639863869454,452.1972689271213,456.7181392155479,461.2390095039746,465.7598797924013,470.280750080828,474.8016203692547,479.3224906576814,483.8433609461081,488.36423123453477,492.88510152296146,497.4059718113881,501.92684209981485,506.4477123882415,510.96858267666823,515.4894529650949,520.0103232535216,524.5311935419483,529.0520638303749,2014-12-19,19,0.6659999999999999,387.00086523160724,12,2014,4.520870288426688,361.7798631585875,2014
2014-12-20,396.3123103812559,399.52033696924326,402.72836355723064,405.936390145218,409.1444167332054,412.35244332119277,415.56046990918014,418.7684964971676,421.97652308515495,425.1845496731423,428.3925762611297,431.6006028491171,434.80862943710446,438.01665602509183,441.2246826130792,444.4327092010666,447.640735789054,450.84876237704134,454.0567889650288,457.26481555301615,460.4728421410035,463.6808687289909,466.8888953169783,470.09692190496565,473.30494849295303,476.5129750809404,479.7210016689278,482.9290282569152,486.1370548449026,489.34508143288997,2014-12-20,20,0.6609999999999999,389.07940837858513,12,2014,3.208026587987382,370.6480976773568,2014
2014-12-21,403.15994263191567,407.0246090822635,410.88927553261135,414.7539419829592,418.61860843330703,422.4832748836549,426.3479413340027,430.21260778435055,434.0772742346984,437.94194068504623,441.8066071353941,445.6712735857419,449.53594003608976,453.40060648643754,457.2652729367854,461.1299393871332,464.99460583748106,468.8592722878289,472.72393873817674,476.5886051885246,480.4532716388724,484.31793808922026,488.1826045395681,492.0472709899159,495.9119374402637,499.77660389061157,503.6412703409594,507.50593679130725,511.3706032416551,515.2352696920029,2014-12-21,21,0.6459999999999999,402.9910546836203,12,2014,3.864666450347836,372.242611029133,2014
2014-12-22,417.074746894302,422.6573309091329,428.23991492396374,433.82249893879464,439.40508295362554,444.98766696845644,450.57025098328734,456.1528349981182,461.7354190129491,467.31800302778,472.9005870426108,478.4831710574417,484.0657550722726,489.6483390871035,495.2309231019344,500.81350711676527,506.39609113159617,511.97867514642707,517.5612591612579,523.1438431760888,528.7264271909197,534.3090112057506,539.8915952205815,545.4741792354123,551.0567632502432,556.6393472650741,562.221931279905,567.8045152947359,573.3870993095668,578.9696833243977,2014-12-22,22,0.627,422.74548310627335,12,2014,5.582584014830886,372.4140747756549,2014
2014-12-23,434.3895821062572,442.25313095155013,450.116679796843,457.9802286421359,465.84377748742884,473.7073263327217,481.5708751780146,489.43442402330754,497.2979728686004,505.1615217138933,513.0250705591862,520.8886194044792,528.752168249772,536.615717095065,544.4792659403579,552.3428147856507,560.2063636309437,568.0699124762366,575.9334613215294,583.7970101668224,591.6605590121153,599.5241078574081,607.3876567027011,615.251205547994,623.1147543932868,630.9783032385798,638.8418520838727,646.7054009291655,654.5689497744586,662.4324986197514,2014-12-23,23,0.611,436.6321737172547,12,2014,7.863548845292904,371.48119134391396,2014
2014-12-24,452.6975193033178,462.99789877971716,473.29827825611653,483.5986577325159,493.8990372089153,504.19941668531465,514.499796161714,524.8001756381134,535.1005551145128,545.4009345909121,555.7013140673115,566.0016935437109,576.3020730201102,586.6024524965096,596.902831972909,607.2032114493084,617.5035909257076,627.8039704021071,638.1043498785064,648.4047293549058,658.7051088313051,669.0054883077046,679.3058677841038,689.6062472605033,699.9066267369026,710.2070062133021,720.5073856897013,730.8077651661008,741.1081446425001,751.4085241188995,2014-12-24,24,0.601,446.92516794005036,12,2014,10.30037947639937,370.2944834921228,2014
2014-12-25,470.5477146845036,483.1701217529335,495.79252882136336,508.41493588979324,521.037342958223,533.659750026653,546.2821570950828,558.9045641635126,571.5269712319425,584.1493783003724,596.7717853688023,609.3941924372322,622.016599505662,634.6390065740919,647.2614136425218,659.8838207109516,672.5062277793816,685.1286348478113,697.7510419162413,710.3734489846711,722.9958560531011,735.6182631215308,748.2406701899607,760.8630772583906,773.4854843268205,786.1078913952504,798.7302984636802,811.3527055321101,823.9751126005399,836.5975196689699,2014-12-25,25,0.595,455.0324518180975,12,2014,12.62240706842987,369.5684581370646,2014
2014-12-26,482.26830007172106,495.02224057655565,507.77618108139023,520.5301215862248,533.2840620910595,546.038002595894,558.7919431007286,571.5458836055632,584.2998241103978,597.0537646152324,609.807705120067,622.5616456249015,635.3155861297362,648.0695266345708,660.8234671394054,673.5774076442399,686.3313481490745,699.0852886539092,711.8392291587437,724.5931696635784,737.3471101684129,750.1010506732475,762.8549911780822,775.6089316829167,788.3628721877512,801.1168126925859,813.8707531974205,826.6246937022551,839.3786342070896,852.1325747119242,2014-12-26,26,0.588,465.36202672279717,12,2014,12.753940504834594,380.2367760330443,2014
2014-12-27,480.00743980645206,489.7016484069364,499.39585700742066,509.090065607905,518.7842742083893,528.4784828088737,538.172691409358,547.8669000098423,557.5611086103265,567.255317210811,576.9495258112952,586.6437344117795,596.3379430122638,606.0321516127482,615.7263602132325,625.4205688137167,635.1147774142012,644.8089860146854,654.5031946151697,664.197403215654,673.8916118161384,683.5858204166227,693.2800290171069,702.9742376175914,712.6684462180756,722.36265481856,732.0568634190442,741.7510720195286,751.4452806200129,761.1394892204972,2014-12-27,27,0.589,458.9258798435102,12,2014,9.694208600484316,402.4537710025775,2014
2014-12-28,473.73064631978053,479.85798422145797,485.98532212313546,492.11266002481295,498.23999792649045,504.3673358281679,510.4946737298454,516.6220116315228,522.7493495332003,528.8766874348778,535.0040253365553,541.1313632382328,547.2587011399103,553.3860390415878,559.5133769432651,565.6407148449426,571.7680527466201,577.8953906482976,584.0227285499751,590.1500664516525,596.27740435333,602.4047422550075,608.532080156685,614.6594180583625,620.78675596004,626.9140938617174,633.0414317633949,639.1687696650723,645.2961075667498,651.4234454684273,2014-12-28,28,0.589,458.9258798435102,12,2014,6.127337901677476,424.7119431063607,2014
2014-12-29,473.99462122919743,478.5167162009658,483.0388111727341,487.56090614450244,492.0830011162708,496.60509608803915,501.1271910598075,505.64928603157585,510.1713810033442,514.6934759751125,519.2155709468809,523.7376659186492,528.2597608904175,532.7818558621859,537.3039508339542,541.8260458057226,546.3481407774909,550.8702357492593,555.3923307210276,559.9144256927959,564.4365206645643,568.9586156363326,573.480710608101,578.0028055798693,582.5249005516378,587.046995523406,591.5690904951744,596.0911854669428,600.6132804387111,605.1353754104794,2014-12-29,29,0.58,469.54010950964835,12,2014,4.522094971768345,437.81786145505066,2014
2014-12-30,477.9882709224345,482.0545459851304,486.1208210478264,490.1870961105223,494.2533711732183,498.3196462359142,502.3859212986102,506.4521963613061,510.5184714240021,514.584746486698,518.6510215493939,522.71729661209,526.7835716747859,530.8498467374818,534.9161218001777,538.9823968628738,543.0486719255697,547.1149469882656,551.1812220509615,555.2474971136576,559.3137721763535,563.3800472390494,567.4463223017453,571.5125973644413,575.5788724271373,579.6451474898332,583.7114225525291,587.7776976152252,591.8439726779211,595.910247740617,2014-12-30,30,0.5730000000000001,477.35067902394087,12,2014,4.06627506269595,445.4580704208669,2014
2014-12-31,480.65915024323255,484.3013400078531,487.9435297724737,491.5857195370943,495.2279093017149,498.87009906633546,502.512288830956,506.15447859557656,509.79666836019715,513.4388581248177,517.0810478894383,520.7232376540588,524.3654274186795,528.0076171833,531.6498069479206,535.2919967125412,538.9341864771618,542.5763762417823,546.2185660064029,549.8607557710235,553.502945535644,557.1451353002647,560.7873250648852,564.4295148295058,568.0717045941263,571.713894358747,575.3560841233675,578.998273887988,582.6404636526087,586.2826534172292,2014-12-31,31,0.5720000000000001,477.49571153174736,12,2014,3.6421897646205754,451.52163212626795,2014
2015-01-01,485.35360863893357,489.18488814233234,493.01616764573106,496.8474471491298,500.6787266525285,504.5100061559273,508.341285659326,512.1725651627247,516.0038446661234,519.8351241695221,523.6664036729209,527.4976831763196,531.3289626797183,535.1602421831171,538.9915216865159,542.8228011899146,546.6540806933133,550.485360196712,554.3166397001107,558.1479192035094,561.9791987069082,565.8104782103069,569.6417577137056,573.4730372171043,577.304316720503,581.1355962239019,584.9668757273006,588.7981552306993,592.629434734098,596.4607142374967,2015-01-01,1,0.5690000000000001,482.5991479022167,1,2015,3.8312795033987292,454.70337261174376,2014
2015-01-02,492.8753532073562,497.8253058234253,502.77525843949445,507.72521105556353,512.6751636716326,517.6251162877018,522.5750689037709,527.5250215198399,532.4749741359091,537.4249267519782,542.3748793680473,547.3248319841164,552.2747846001855,557.2247372162547,562.1746898323238,567.1246424483928,572.074595064462,577.0245476805311,581.9745002966001,586.9244529126693,591.8744055287384,596.8243581448075,601.7743107608766,606.7242633769457,611.6742159930149,616.6241686090839,621.574121225153,626.5240738412222,631.4740264572913,636.4239790733604,2015-01-02,2,0.56,486.6913915469841,1,2015,4.949952616069109,453.27573227880333,2014
2015-01-03,501.25783136094225,506.89514469958567,512.532458038229,518.1697713768725,523.8070847155159,529.4443980541593,535.0817113928027,540.7190247314461,546.3563380700895,551.993651408733,557.6309647473763,563.2682780860198,568.9055914246632,574.5429047633065,580.18021810195,585.8175314405934,591.4548447792367,597.0921581178802,602.7294714565236,608.366784795167,614.0040981338104,619.6414114724538,625.2787248110972,630.9160381497406,636.553351488384,642.1906648270274,647.8279781656709,653.4652915043142,659.1026048429577,664.7399181816011,2015-01-03,3,0.5539999999999999,498.3571266865325,1,2015,5.637313338643408,456.159324651795,2014
2015-01-04,506.2318322610289,511.5653521332599,516.898872005491,522.232391877722,527.565911749953,532.899431622184,538.232951494415,543.566471366646,548.8999912388771,554.2335111111081,559.5670309833391,564.9005508555701,570.234070727801,575.5675906000322,580.9011104722631,586.2346303444941,591.5681502167251,596.9016700889562,602.2351899611872,607.5687098334182,612.9022297056492,618.2357495778803,623.5692694501113,628.9027893223423,634.2363091945733,639.5698290668043,644.9033489390354,650.2368688112664,655.5703886834974,660.9039085557284,2015-01-04,4,0.551,502.2501032036642,1,2015,5.333519872231017,463.5636732831808,2014
2015-01-05,511.60852109713215,516.9903174222289,522.3721137473258,527.7539100724225,533.1357063975194,538.5175027226162,543.8992990477129,549.2810953728098,554.6628916979066,560.0446880230033,565.4264843481002,570.808280673197,576.1900769982939,581.5718733233906,586.9536696484874,592.3354659735843,597.717262298681,603.0990586237779,608.4808549488747,613.8626512739714,619.2444475990683,624.6262439241651,630.008040249262,635.3898365743587,640.7716328994555,646.1534292245524,651.5352255496491,656.917021874746,662.2988181998428,667.6806145249395,2015-01-05,5,0.5489999999999999,505.82519068212736,1,2015,5.381796325096807,468.5541504963577,2014
2015-01-06,524.6685724921396,531.7034624055,538.7383523188605,545.773242232221,552.8081321455815,559.843022058942,566.8779119723024,573.9128018856629,580.9476917990233,587.9825817123839,595.0174716257443,602.0523615391048,609.0872514524654,616.1221413658258,623.1570312791863,630.1919211925467,637.2268111059072,644.2617010192677,651.2965909326282,658.3314808459886,665.3663707593491,672.4012606727097,679.4361505860701,686.4710404994306,693.505930412791,700.5408203261516,707.575710239512,714.6106001528725,721.6454900662329,728.6803799795935,2015-01-06,6,0.539,522.4844183176111,1,2015,7.034889913360479,468.3894531852557,2014
2015-01-07,538.7762503275796,547.2667485034008,555.7572466792218,564.2477448550429,572.738243030864,581.2287412066851,589.7192393825062,598.2097375583273,606.7002357341485,615.1907339099695,623.6812320857906,632.1717302616117,640.6622284374328,649.1527266132539,657.643224789075,666.1337229648962,674.6242211407172,683.1147193165383,691.6052174923594,700.0957156681804,708.5862138440016,717.0767120198227,725.5672101956438,734.057708371465,742.548206547286,751.038704723107,759.5292028989281,768.0197010747493,776.5101992505704,785.0006974263915,2015-01-07,7,0.531,535.4924250309305,1,2015,8.490498175821099,470.8522649210108,2014
2015-01-08,553.3982679083736,563.2419500229635,573.0856321375536,582.9293142521435,592.7729963667337,602.6166784813236,612.4603605959137,622.3040427105036,632.1477248250937,641.9914069396837,651.8350890542738,661.6787711688637,671.5224532834538,681.3661353980438,691.2098175126339,701.0534996272238,710.8971817418139,720.7408638564038,730.584545970994,740.4282280855839,750.271910200174,760.115592314764,769.9592744293541,779.802956543944,789.6466386585341,799.490320773124,809.3340028877142,819.1776850023041,829.0213671168942,838.8650492314841,2015-01-08,8,0.525,547.064120682243,1,2015,9.843682114590024,474.6488109916533,2014
2015-01-09,569.3036236179703,580.4213006841704,591.5389777503706,602.6566548165706,613.7743318827708,624.8920089489709,636.0096860151709,647.1273630813711,658.2450401475712,669.3627172137714,680.4803942799715,691.5980713461715,702.7157484123717,713.8334254785718,724.9511025447719,736.068779610972,747.1864566771721,758.3041337433722,769.4218108095723,780.5394878757725,791.6571649419725,802.7748420081728,813.8925190743728,825.0101961405729,836.1278732067731,847.2455502729731,858.3632273391732,869.4809044053734,880.5985814715734,891.7162585377736,2015-01-09,9,0.514,562.3570228690801,1,2015,11.117677066200113,480.3622070883694,2014
2015-01-10,579.3992041985032,590.7550658318884,602.1109274652736,613.4667890986588,624.8226507320439,636.1785123654291,647.5343739988143,658.8902356321995,670.2460972655847,681.6019588989699,692.9578205323551,704.3136821657403,715.6695437991254,727.0254054325106,738.3812670658958,749.7371286992809,761.0929903326662,772.4488519660513,783.8047135994366,795.1605752328217,806.516436866207,817.872298499592,829.2281601329773,840.5840217663624,851.9398833997477,863.2957450331328,874.6516066665181,886.0074682999032,897.3633299332885,908.7191915666735,2015-01-10,10,0.514,562.3570228690801,1,2015,11.355861633385187,488.5523111314217,2014
2015-01-11,582.0203609745854,591.884836099655,601.7493112247245,611.613786349794,621.4782614748635,631.342736599933,641.2072117250025,651.0716868500721,660.9361619751415,670.800637100211,680.6651122252806,690.5295873503501,700.3940624754196,710.258537600489,720.1230127255586,729.9874878506281,739.8519629756977,749.7164381007672,759.5809132258366,769.4453883509061,779.3098634759757,789.1743386010452,799.0388137261148,808.9032888511842,818.7677639762537,828.6322391013232,838.4967142263927,848.3611893514623,858.2256644765317,868.0901396016013,2015-01-11,11,0.514,562.3570228690801,1,2015,9.86447512506951,503.10455997402937,2014
2015-01-12,579.1280116202297,586.1540918793462,593.1801721384628,600.2062523975794,607.2323326566959,614.2584129158125,621.284493174929,628.3105734340456,635.3366536931621,642.3627339522787,649.3888142113954,656.4148944705119,663.4409747296285,670.467054988745,677.4931352478616,684.5192155069781,691.5452957660947,698.5713760252113,705.5974562843278,712.6235365434444,719.649616802561,726.6756970616775,733.701777320794,740.7278575799106,747.7539378390272,754.7800180981437,761.8060983572603,768.832178616377,775.8582588754934,782.88433913461,2015-01-12,12,0.511,565.0538014483199,1,2015,7.026080259116564,522.9193695472972,2014
2015-01-13,580.384254801146,585.8621761400499,591.3400974789537,596.8180188178576,602.2959401567614,607.7738614956653,613.2517828345691,618.729704173473,624.2076255123768,629.6855468512806,635.1634681901845,640.6413895290883,646.1193108679922,651.597232206896,657.0751535457999,662.5530748847037,668.0309962236076,673.5089175625114,678.9868389014152,684.4647602403192,689.942681579223,695.4206029181269,700.8985242570307,706.3764455959345,711.8543669348384,717.3322882737423,722.8102096126461,728.2881309515499,733.7660522904538,739.2439736293576,2015-01-13,13,0.503,574.6265703499812,1,2015,5.4779213389038475,536.5608840899152,2014
2015-01-14,585.266050013216,590.2230489284705,595.1800478437249,600.1370467589793,605.0940456742337,610.0510445894881,615.0080435047425,619.9650424199971,624.9220413352515,629.8790402505059,634.8360391657603,639.7930380810147,644.7500369962692,649.7070359115236,654.664034826778,659.6210337420325,664.5780326572869,669.5350315725414,674.4920304877958,679.4490294030502,684.4060283183046,689.363027233559,694.3200261488134,699.2770250640679,704.2340239793223,709.1910228945767,714.1480218098312,719.1050207250856,724.06201964034,729.0190185555945,2015-01-14,14,0.5,584.250819377603,1,2015,4.956998915254429,545.6100586911806,2014
2015-01-15,590.8229341556225,595.6734779932059,600.5240218307894,605.3745656683727,610.2251095059562,615.0756533435396,619.926197181123,624.7767410187064,629.6272848562899,634.4778286938733,639.3283725314567,644.1789163690402,649.0294602066235,653.880004044207,658.7305478817905,663.5810917193738,668.4316355569573,673.2821793945407,678.1327232321241,682.9832670697076,687.833810907291,692.6843547448743,697.5348985824578,702.3854424200413,707.2359862576246,712.0865300952081,716.9370739327915,721.7876177703749,726.6381616079584,731.4887054455418,2015-01-15,15,0.494,588.9430518538762,1,2015,4.850543837583424,552.0185834549551,2014
2015-01-16,602.2550664712219,608.6826516219671,615.1102367727125,621.5378219234577,627.9654070742031,634.3929922249483,640.8205773756937,647.248162526439,653.6757476771843,660.1033328279295,666.5309179786749,672.9585031294203,679.3860882801655,685.8136734309109,692.2412585816562,698.6688437324015,705.0964288831467,711.5240140338921,717.9515991846374,724.3791843353827,730.806769486128,737.2343546368733,743.6619397876186,750.0895249383639,756.5171100891092,762.9446952398546,769.3722803905998,775.7998655413452,782.2274506920904,788.6550358428358,2015-01-16,16,0.491,598.2247923097439,1,2015,6.427585150745308,550.8343852652594,2014
2015-01-17,612.2867012411449,619.7084864738033,627.1302717064616,634.5520569391199,641.9738421717782,649.3956274044365,656.8174126370949,664.2391978697532,671.6609831024115,679.0827683350699,686.5045535677282,693.9263388003865,701.3481240330448,708.7699092657032,716.1916944983615,723.6134797310198,731.0352649636782,738.4570501963365,745.8788354289948,753.300620661653,760.7224058943115,768.1441911269698,775.565976359628,782.9877615922865,790.4095468249448,797.831332057603,805.2531172902613,812.6749025229196,820.096687755578,827.5184729882363,2015-01-17,17,0.484,604.7408639649767,1,2015,7.421785232658325,552.9124193798783,2014
2015-01-18,616.2635015687976,623.1657782728013,630.068054976805,636.9703316808087,643.8726083848125,650.7748850888162,657.6771617928199,664.5794384968236,671.4817152008274,678.3839919048311,685.2862686088348,692.1885453128386,699.0908220168424,705.9930987208461,712.8953754248498,719.7976521288535,726.6999288328573,733.602205536861,740.5044822408647,747.4067589448684,754.3090356488722,761.2113123528759,768.1135890568796,775.0158657608833,781.9181424648871,788.8204191688908,795.7226958728945,802.6249725768982,809.527249280902,816.4295259849057,2015-01-18,18,0.484,604.7408639649767,1,2015,6.902276704003728,561.0452879367677,2014
2015-01-19,620.0085030106302,626.1379304034486,632.2673577962671,638.3967851890856,644.526212581904,650.6556399747224,656.7850673675408,662.9144947603593,669.0439221531777,675.1733495459961,681.3027769388145,687.432204331633,693.5616317244514,699.6910591172698,705.8204865100882,711.9499139029067,718.0793412957252,724.2087686885436,730.338196081362,736.4676234741804,742.5970508669989,748.7264782598173,754.8559056526358,760.9853330454541,767.1147604382726,773.244187831091,779.3736152239095,785.503042616728,791.6324700095463,797.7618974023648,2015-01-19,19,0.48100000000000004,612.908592254337,1,2015,6.129427392818433,570.9730838680828,2014
2015-01-20,630.5357782927483,637.3350558578779,644.1343334230075,650.9336109881372,657.7328885532668,664.5321661183964,671.331443683526,678.1307212486556,684.9299988137852,691.7292763789148,698.5285539440445,705.3278315091742,712.1271090743038,718.9263866394334,725.725664204563,732.5249417696926,739.3242193348223,746.1234968999519,752.9227744650815,759.7220520302111,766.5213295953408,773.3206071604704,780.1198847256001,786.9191622907297,793.7184398558593,800.5177174209889,807.3169949861185,814.1162725512481,820.9155501163777,827.7148276815074,2015-01-20,20,0.473,629.5616925000942,1,2015,6.799277565129624,576.1415577717113,2014
2015-01-21,649.4985129432939,658.6603127144867,667.8221124856794,676.9839122568721,686.145712028065,695.3075117992577,704.4693115704504,713.6311113416432,722.7929111128359,731.9547108840287,741.1165106552214,750.2783104264142,759.4401101976069,768.6019099687996,777.7637097399925,786.9255095111852,796.0873092823779,805.2491090535707,814.4109088247634,823.5727085959561,832.7345083671489,841.8963081383417,851.0581079095343,860.2199076807271,869.38170745192,878.5435072231127,887.7053069943054,896.8671067654982,906.0289065366909,915.1907063078836,2015-01-21,21,0.467,650.8393401616545,1,2015,9.161799771192749,576.2041147737519,2014
2015-01-22,678.6453974949179,691.7779717442498,704.9105459935816,718.0431202429136,731.1756944922454,744.3082687415772,757.440842990909,770.5734172402409,783.7059914895727,796.8385657389045,809.9711399882365,823.1037142375683,836.2362884869001,849.3688627362319,862.5014369855638,875.6340112348956,888.7665854842276,901.8991597335594,915.0317339828912,928.164308232223,941.2968824815549,954.4294567308867,967.5620309802187,980.6946052295505,993.8271794788823,1006.9597537282141,1020.0923279775459,1033.224902226878,1046.3574764762097,1059.4900507255416,2015-01-22,22,0.456,681.7895583273498,1,2015,13.132574249331846,573.5848035002632,2014
2015-01-23,706.0550097088908,722.5837419866023,739.1124742643135,755.6412065420249,772.1699388197362,788.6986710974476,805.2274033751589,821.7561356528703,838.2848679305816,854.813600208293,871.3423324860044,887.8710647637157,904.3997970414271,920.9285293191383,937.4572615968498,953.985993874561,970.5147261522725,987.0434584299837,1003.5721907076952,1020.1009229854064,1036.629655263118,1053.1583875408292,1069.6871198185404,1086.2158520962519,1102.7445843739633,1119.2733166516746,1135.8020489293858,1152.3307812070973,1168.8595134848088,1185.38824576252,2015-01-23,23,0.45,694.9996530129279,1,2015,16.52873227771135,573.8251514872001,2014
2015-01-24,730.2498367924736,749.11514810879,767.9804594251063,786.8457707414227,805.7110820577391,824.5763933740554,843.4417046903718,862.3070160066882,881.1723273230045,900.0376386393209,918.9029499556373,937.7682612719536,956.63357258827,975.4988839045864,994.3641952209027,1013.2295065372191,1032.0948178535355,1050.9601291698518,1069.8254404861682,1088.6907518024846,1107.556063118801,1126.4213744351173,1145.2866857514337,1164.15199706775,1183.0173083840664,1201.8826197003827,1220.747931016699,1239.6132423330155,1258.4785536493318,1277.3438649656482,2015-01-24,24,0.44299999999999995,708.6804404691168,1,2015,18.865311316316372,579.3273462619426,2014
2015-01-25,739.5961529468939,757.0859155695246,774.5756781921552,792.0654408147859,809.5552034374166,827.0449660600473,844.534728682678,862.0244913053086,879.5142539279393,897.00401655057,914.4937791732007,931.9835417958315,949.4733044184621,966.9630670410928,984.4528296637235,1001.9425922863542,1019.4323549089848,1036.9221175316156,1054.4118801542463,1071.901642776877,1089.3914053995077,1106.8811680221384,1124.370930644769,1141.8606932673997,1159.3504558900304,1176.840218512661,1194.3299811352917,1211.8197437579224,1229.309506380553,1246.7992690031838,2015-01-25,25,0.44299999999999995,708.6804404691168,1,2015,17.48976262263069,599.6780519658483,2014
2015-01-26,748.5247464459931,764.1430884620777,779.7614304781623,795.379772494247,810.9981145103318,826.6164565264164,842.234798542501,857.8531405585858,873.4714825746704,889.0898245907551,904.7081666068398,920.3265086229244,935.9448506390091,951.5631926550939,967.1815346711785,982.7998766872631,998.4182187033479,1014.0365607194326,1029.6549027355172,1045.2732447516019,1060.8915867676865,1076.509928783771,1092.128270799856,1107.7466128159406,1123.3649548320252,1138.98329684811,1154.6016388641947,1170.2199808802793,1185.838322896364,1201.4566649124486,2015-01-26,26,0.436,727.8085237313197,1,2015,15.618342016084677,623.5780103173156,2014
2015-01-27,749.8365338669664,762.170230656886,774.5039274468057,786.8376242367253,799.171321026645,811.5050178165648,823.8387146064845,836.1724113964041,848.5061081863238,860.8398049762435,873.1735017661631,885.5071985560828,897.8408953460025,910.1745921359222,922.5082889258418,934.8419857157616,947.1756825056812,959.5093792956009,971.8430760855206,984.1767728754403,996.5104696653599,1008.8441664552796,1021.1778632451992,1033.511560035119,1045.8452568250386,1058.1789536149583,1070.512650404878,1082.8463471947975,1095.1800439847175,1107.513740774637,2015-01-27,27,0.434,730.7142707795282,1,2015,12.333696789919678,651.1669595476089,2014
2015-01-28,751.1351039835529,760.6083822612304,770.081660538908,779.5549388165855,789.0282170942631,798.5014953719407,807.9747736496182,817.4480519272958,826.9213302049733,836.3946084826509,845.8678867603285,855.341165038006,864.8144433156835,874.2877215933611,883.7609998710386,893.2342781487162,902.7075564263937,912.1808347040712,921.6541129817489,931.1273912594264,940.600669537104,950.0739478147815,959.547226092459,969.0205043701367,978.4937826478142,987.9670609254918,997.4403392031693,1006.9136174808468,1016.3868957585244,1025.860174036202,2015-01-28,28,0.431,740.021049320539,1,2015,9.473278277677553,675.3488777621325,2014
2015-01-29,757.2174964502262,765.8654462813118,774.5133961123973,783.161345943483,791.8092957745685,800.457245605654,809.1051954367396,817.7531452678251,826.4010950989107,835.0490449299962,843.6969947610817,852.3449445921673,860.9928944232528,869.6408442543384,878.2887940854239,886.9367439165094,895.584693747595,904.2326435786805,912.8805934097661,921.5285432408516,930.1764930719371,938.8244429030227,947.4723927341082,956.1203425651938,964.7682923962793,973.4162422273648,982.0641920584504,990.7121418895359,999.3600917206215,1008.008041551707,2015-01-29,29,0.426,747.4755020986407,1,2015,8.647949831085544,688.0338978015419,2014
2015-01-30,767.7398583063137,776.6341232283559,785.528388150398,794.4226530724402,803.3169179944823,812.2111829165244,821.1054478385665,829.9997127606086,838.8939776826508,847.7882426046929,856.682507526735,865.5767724487772,874.4710373708193,883.3653022928614,892.2595672149035,901.1538321369457,910.0480970589879,918.94236198103,927.8366269030721,936.7308918251142,945.6251567471563,954.5194216691984,963.4136865912405,972.3079515132827,981.2022164353248,990.0964813573669,998.9907462794091,1007.8850112014512,1016.7792761234933,1025.6735410455353,2015-01-30,30,0.42,761.7593634587538,1,2015,8.894264922042128,696.5857389299767,2014
2015-01-31,774.5883132942206,783.299016142181,792.0097189901414,800.720421838102,809.4311246860624,818.1418275340228,826.8525303819832,835.5632332299436,844.2739360779042,852.9846389258646,861.695341773825,870.4060446217854,879.1167474697459,887.8274503177063,896.5381531656667,905.2488560136271,913.9595588615877,922.6702617095481,931.3809645575085,940.0916674054689,948.8023702534294,957.5130731013899,966.2237759493503,974.9344787973107,983.6451816452711,992.3558844932315,1001.066587341192,1009.7772901891524,1018.4879930371128,1027.1986958850734,2015-01-31,31,0.42,761.7593634587538,1,2015,8.710702847960437,704.9026905105371,2014
2015-02-01,773.854064997894,780.4855299507144,787.1169949035348,793.748459856355,800.3799248091753,807.0113897619957,813.642854714816,820.2743196676364,826.9057846204568,833.537249573277,840.1687145260973,846.8001794789177,853.431644431738,860.0631093845584,866.6945743373788,873.3260392901991,879.9575042430195,886.5889691958397,893.22043414866,899.8518991014804,906.4833640543008,913.1148290071211,919.7462939599413,926.3777589127617,933.009223865582,939.6406888184024,946.2721537712227,952.9036187240431,959.5350836768635,966.1665486296838,2015-02-01,1,0.42,761.7593634587538,2,2015,6.631464952820335,720.8023453753314,2014
2015-02-02,778.7819512957365,785.1174148384464,791.4528783811563,797.7883419238663,804.1238054665762,810.4592690092861,816.7947325519962,823.1301960947061,829.465659637416,835.801123180126,842.1365867228359,848.4720502655459,854.8075138082559,861.1429773509658,867.4784408936757,873.8139044363857,880.1493679790956,886.4848315218056,892.8202950645156,899.1557586072255,905.4912221499354,911.8266856926455,918.1621492353554,924.4976127780653,930.8330763207753,937.1685398634852,943.5040034061951,949.839466948905,956.1749304916151,962.510394034325,2015-02-02,2,0.41700000000000004,770.5917672993068,2,2015,6.335463542709952,728.0982429540568,2014
2015-02-03,782.9569399982993,788.6548497761543,794.3527595540093,800.0506693318642,805.7485791097192,811.4464888875742,817.1443986654292,822.8423084432841,828.5402182211391,834.2381279989941,839.936037776849,845.633947554704,851.331857332559,857.029767110414,862.727676888269,868.425586666124,874.1234964439789,879.821406221834,885.5193159996888,891.2172257775438,896.9151355553988,902.6130453332538,908.3109551111088,914.0088648889638,919.7067746668188,925.4046844446738,931.1025942225288,936.8005040003836,942.4984137782386,948.1963235560936,2015-02-03,3,0.414,777.7906971134076,2,2015,5.697909777854977,737.3736617754595,2014
2015-02-04,790.7942480462009,796.7026373601411,802.6110266740814,808.5194159880216,814.4278053019618,820.3361946159021,826.2445839298424,832.1529732437826,838.0613625577229,843.9697518716631,849.8781411856033,855.7865304995436,861.6949198134838,867.6033091274242,873.5116984413644,879.4200877553046,885.3284770692449,891.2368663831851,897.1452556971253,903.0536450110656,908.9620343250058,914.870423638946,920.7788129528863,926.6872022668266,932.5955915807668,938.5039808947071,944.4123702086473,950.3207595225875,956.2291488365278,962.137538150468,2015-02-04,4,0.408,788.9887786454626,2,2015,5.908389313940247,743.5271335346789,2014
2015-02-05,802.9290052125596,809.8823372019547,816.8356691913498,823.7890011807449,830.7423331701399,837.695665159535,844.6489971489301,851.6023291383251,858.5556611277202,865.5089931171153,872.4623251065103,879.4156570959054,886.3689890853005,893.3223210746955,900.2756530640906,907.2289850534858,914.1823170428809,921.1356490322759,928.088981021671,935.042313011066,941.9956450004611,948.9489769898562,955.9023089792513,962.8556409686463,969.8089729580414,976.7623049474365,983.7156369368315,990.6689689262266,997.6223009156217,1004.5756329050168,2015-02-05,5,0.40399999999999997,803.1604073504171,2,2015,6.953331989395075,747.302349297399,2014
2015-02-06,809.6442222080262,817.0218877718071,824.399553335588,831.7772188993689,839.1548844631498,846.5325500269307,853.9102155907116,861.2878811544924,868.6655467182734,876.0432122820542,883.4208778458351,890.7985434096161,898.1762089733969,905.5538745371778,912.9315401009587,920.3092056647396,927.6868712285204,935.0645367923014,942.4422023560822,949.8198679198631,957.1975334836441,964.5751990474249,971.9528646112058,979.3305301749867,986.7081957387676,994.0858613025484,1001.4635268663294,1008.8411924301104,1016.2188579938911,1023.5965235576721,2015-02-06,6,0.406,796.8845423442143,2,2015,7.377665563780892,750.6228976977791,2014
2015-02-07,814.9277650805423,822.1477076520357,829.3676502235292,836.5875927950226,843.807535366516,851.0274779380095,858.2474205095028,865.4673630809963,872.6873056524897,879.9072482239832,887.1271907954766,894.3471333669701,901.5670759384635,908.7870185099569,916.0069610814503,923.2269036529437,930.4468462244372,937.6667887959306,944.8867313674241,952.1066739389175,959.326616510411,966.5465590819044,973.7665016533979,980.9864442248912,988.2063867963847,995.4263293678781,1002.6462719393716,1009.866214510865,1017.0861570823585,1024.3060996538518,2015-02-07,7,0.40399999999999997,803.1604073504171,2,2015,7.219942571493434,757.1682245085948,2014
2015-02-08,822.1382938992856,829.192171165805,836.2460484323243,843.2999256988437,850.3538029653631,857.4076802318824,864.4615574984018,871.5154347649212,878.5693120314405,885.6231892979599,892.6770665644792,899.7309438309986,906.784821097518,913.8386983640373,920.8925756305567,927.9464528970761,935.0003301635954,942.0542074301148,949.1080846966343,956.1619619631535,963.215839229673,970.2697164961924,977.3235937627117,984.3774710292311,991.4313482957505,998.4852255622698,1005.5391028287892,1012.5929800953086,1019.6468573618279,1026.7007346283472,2015-02-08,8,0.39799999999999996,816.8828937292305,2,2015,7.0538772665193665,765.7072757671307,2014
2015-02-09,826.326405774209,832.7073654214076,839.0883250686063,845.469284715805,851.8502443630036,858.2312040102023,864.612163657401,870.9931233045996,877.3740829517983,883.755042598997,890.1360022461956,896.5169618933943,902.897921540593,909.2788811877915,915.6598408349903,922.0408004821888,928.4217601293875,934.8027197765862,941.1836794237848,947.5646390709835,953.9455987181822,960.3265583653808,966.7075180125795,973.0884776597782,979.4694373069768,985.8503969541755,992.231356601374,998.6123162485728,1004.9932758957714,1011.3742355429702,2015-02-09,9,0.397,818.7502437647497,2,2015,6.380959647198657,775.2787285966198,2014
2015-02-10,826.7199909315409,831.7365059162389,836.7530209009369,841.7695358856349,846.7860508703329,851.8025658550309,856.8190808397289,861.835595824427,866.852110809125,871.8686257938231,876.8851407785211,881.9016557632191,886.9181707479171,891.9346857326151,896.9512007173131,901.9677157020111,906.9842306867091,912.0007456714071,917.0172606561052,922.0337756408032,927.0502906255012,932.0668056101993,937.0833205948973,942.0998355795953,947.1163505642933,952.1328655489913,957.1493805336893,962.1658955183873,967.1824105030853,972.1989254877833,2015-02-10,10,0.397,818.7502437647497,2,2015,5.016514984698016,786.5878710539567,2014
2015-02-11,829.7148724588973,834.1888557082692,838.6628389576412,843.1368222070131,847.610805456385,852.084788705757,856.5587719551289,861.0327552045009,865.5067384538728,869.9807217032447,874.4547049526167,878.9286882019885,883.4026714513604,887.8766547007324,892.3506379501043,896.8246211994763,901.2986044488482,905.7725876982201,910.2465709475921,914.720554196964,919.194537446336,923.6685206957079,928.1425039450799,932.6164871944518,937.0904704438237,941.5644536931957,946.0384369425676,950.5124201919396,954.9864034413115,959.4603866906834,2015-02-11,11,0.39399999999999996,825.1438379260871,2,2015,4.473983249371938,793.9230064639218,2014
2015-02-12,839.6530387003597,845.4492698630688,851.2455010257779,857.041732188487,862.8379633511961,868.6341945139052,874.4304256766143,880.2266568393234,886.0228880020325,891.8191191647417,897.6153503274508,903.4115814901598,909.2078126528689,915.004043815578,920.8002749782871,926.5965061409962,932.3927373037053,938.1889684664144,943.9851996291236,949.7814307918327,955.5776619545418,961.3738931172509,967.17012427996,972.966355442669,978.7625866053781,984.5588177680872,990.3550489307963,996.1512800935054,1001.9475112562145,1007.7437424189236,2015-02-12,12,0.389,835.7046294672127,2,2015,5.796231162709102,793.2831893986869,2014
2015-02-13,852.4853726490337,859.4636931955374,866.4420137420412,873.420334288545,880.3986548350487,887.3769753815525,894.3552959280562,901.3336164745599,908.3119370210636,915.2902575675674,922.2685781140711,929.2468986605749,936.2252192070787,943.2035397535824,950.1818603000861,957.1601808465898,964.1385013930936,971.1168219395973,978.095142486101,985.0734630326049,992.0517835791086,999.0301041256123,1006.008424672116,1012.9867452186198,1019.9650657651235,1026.9433863116274,1033.921706858131,1040.9000274046348,1047.8783479511385,1054.8566684976422,2015-02-13,13,0.382,853.6123772386844,2,2015,6.978320546503742,796.6588082770038,2014
2015-02-14,867.3578374640915,875.786514968881,884.2151924736704,892.6438699784599,901.0725474832494,909.5012249880389,917.9299024928283,926.3585799976178,934.7872575024072,943.2159350071968,951.6446125119862,960.0732900167757,968.5019675215651,976.9306450263546,985.359322531144,993.7880000359335,1002.2166775407229,1010.6453550455124,1019.0740325503019,1027.5027100550913,1035.931387559881,1044.3600650646704,1052.7887425694598,1061.2174200742493,1069.6460975790387,1078.0747750838282,1086.5034525886176,1094.932130093407,1103.3608075981965,1111.789485102986,2015-02-14,14,0.379,866.6576662238211,2,2015,8.428677504789464,799.9284174257758,2014
2015-02-15,885.5534185104144,896.346252854158,907.1390871979015,917.9319215416451,928.7247558853886,939.5175902291321,950.3104245728757,961.1032589166192,971.8960932603628,982.6889276041063,993.4817619478499,1004.2745962915934,1015.0674306353369,1025.8602649790805,1036.6530993228241,1047.4459336665675,1058.238768010311,1069.0316023540547,1079.8244366977983,1090.6172710415417,1101.4101053852853,1112.202939729029,1122.9957740727723,1133.788608416516,1144.5814427602595,1155.3742771040029,1166.1671114477465,1176.95994579149,1187.7527801352335,1198.545614478977,2015-02-15,15,0.375,878.055569562776,2,2015,10.792834343743541,799.2107437604661,2014
2015-02-16,895.8103387385963,907.0493557894558,918.2883728403153,929.5273898911748,940.7664069420343,952.0054239928938,963.2444410437533,974.4834580946128,985.7224751454723,996.9614921963318,1008.2005092471913,1019.4395262980509,1030.6785433489104,1041.9175603997699,1053.1565774506294,1064.3955945014886,1075.6346115523484,1086.8736286032076,1098.1126456540674,1109.3516627049266,1120.5906797557864,1131.8296968066456,1143.0687138575051,1154.3077309083646,1165.5467479592241,1176.7857650100837,1188.0247820609432,1199.2637991118027,1210.5028161626622,1221.7418332135217,2015-02-16,16,0.375,878.055569562776,2,2015,11.239017050859493,805.8982023317204,2014
2015-02-17,905.7550085224108,916.852149484585,927.9492904467592,939.0464314089334,950.1435723711076,961.2407133332817,972.337854295456,983.4349952576302,994.5321362198044,1005.6292771819786,1016.7264181441528,1027.8235591063271,1038.9207000685012,1050.0178410306755,1061.1149819928496,1072.212122955024,1083.309263917198,1094.4064048793723,1105.5035458415464,1116.6006868037207,1127.697827765895,1138.794968728069,1149.8921096902434,1160.9892506524175,1172.0863916145918,1183.1835325767659,1194.2806735389402,1205.3778145011142,1216.4749554632886,1227.5720964254629,2015-02-17,17,0.3720000000000001,892.3354627346399,2,2015,11.097140962174207,816.9778808250171,2014
2015-02-18,925.2881449523578,937.7838360734204,950.279527194483,962.7752183155455,975.2709094366081,987.7666005576707,1000.2622916787333,1012.7579827997959,1025.2536739208585,1037.749365041921,1050.2450561629837,1062.7407472840462,1075.2364384051089,1087.7321295261713,1100.227820647234,1112.7235117682965,1125.2192028893592,1137.7148940104216,1150.2105851314843,1162.7062762525468,1175.2019673736095,1187.697658494672,1200.1933496157346,1212.689040736797,1225.1847318578598,1237.6804229789223,1250.176114099985,1262.6718052210474,1275.16749634211,1287.6631874631726,2015-02-18,18,0.355,922.7163884868414,2,2015,12.49569112106258,825.3226159838572,2014
2015-02-19,943.8877226001526,957.3957875926208,970.903852585089,984.4119175775571,997.9199825700254,1011.4280475624935,1024.9361125549617,1038.4441775474297,1051.952242539898,1065.4603075323662,1078.9683725248342,1092.4764375173024,1105.9845025097707,1119.4925675022387,1133.000632494707,1146.5086974871751,1160.0167624796434,1173.5248274721116,1187.0328924645796,1200.5409574570479,1214.049022449516,1227.557087441984,1241.0651524344523,1254.5732174269206,1268.0812824193886,1281.5893474118568,1295.097412404325,1308.605477396793,1322.1135423892613,1335.6216073817295,2015-02-19,19,0.35100000000000003,937.5552046024188,2,2015,13.508064992468165,835.8232026604073,2014
2015-02-20,964.9566529686408,980.1499495682259,995.3432461678109,1010.536542767396,1025.729839366981,1040.923135966566,1056.1164325661512,1071.3097291657361,1086.5030257653211,1101.696322364906,1116.889618964491,1132.0829155640763,1147.2762121636613,1162.4695087632463,1177.6628053628313,1192.8561019624162,1208.0493985620014,1223.2426951615864,1238.4359917611714,1253.6292883607564,1268.8225849603414,1284.0158815599266,1299.2091781595116,1314.4024747590965,1329.5957713586815,1344.7890679582665,1359.9823645578517,1375.1756611574367,1390.3689577570217,1405.562254356607,2015-02-20,20,0.34700000000000003,953.9084048188304,2,2015,15.19329659958503,843.4102801719606,2014
2015-02-21,977.2884175335954,992.4485574674545,1007.6086974013135,1022.7688373351726,1037.9289772690317,1053.0891172028907,1068.2492571367497,1083.4093970706087,1098.569537004468,1113.729676938327,1128.889816872186,1144.049956806045,1159.2100967399042,1174.3702366737632,1189.5303766076222,1204.6905165414814,1219.8506564753404,1235.0107964091994,1250.1709363430584,1265.3310762769174,1280.4912162107767,1295.6513561446357,1310.8114960784947,1325.9716360123539,1341.1317759462129,1356.2919158800719,1371.452055813931,1386.6121957477899,1401.772335681649,1416.932475615508,2015-02-21,21,0.34700000000000003,953.9084048188304,2,2015,15.160139933859059,856.007298062723,2014
2015-02-22,982.0406065873863,995.6797639541196,1009.318921320853,1022.9580786875863,1036.5972360543196,1050.236393421053,1063.8755507877863,1077.5147081545197,1091.1538655212532,1104.7930228879866,1118.43218025472,1132.0713376214533,1145.7104949881866,1159.34965235492,1172.9888097216533,1186.6279670883866,1200.2671244551202,1213.9062818218536,1227.545439188587,1241.1845965553202,1254.8237539220536,1268.462911288787,1282.1020686555203,1295.7412260222536,1309.380383388987,1323.0195407557203,1336.6586981224536,1350.297855489187,1363.9370128559206,1377.576170222654,2015-02-22,22,0.34700000000000003,953.9084048188304,2,2015,13.639157366733366,872.9273476535193,2014
2015-02-23,981.4392750656402,991.8764072996914,1002.3135395337428,1012.750671767794,1023.1878040018452,1033.6249362358965,1044.0620684699477,1054.499200703999,1064.93633293805,1075.3734651721013,1085.8105974061525,1096.247729640204,1106.6848618742551,1117.1219941083064,1127.5591263423576,1137.9962585764088,1148.43339081046,1158.8705230445112,1169.3076552785624,1179.7447875126136,1190.181919746665,1200.6190519807162,1211.0561842147674,1221.4933164488186,1231.9304486828698,1242.3675809169213,1252.8047131509725,1263.2418453850237,1273.6789776190749,1284.116109853126,2015-02-23,23,0.341,963.5029526256544,2,2015,10.437132234051235,897.9422171932304,2014
2015-02-24,974.7511287514247,980.9745283393859,987.197927927347,993.4213275153082,999.6447271032694,1005.8681266912305,1012.0915262791916,1018.3149258671529,1024.5383254551139,1030.761725043075,1036.9851246310363,1043.2085242189974,1049.4319238069586,1055.6553233949198,1061.8787229828808,1068.102122570842,1074.325522158803,1080.5489217467643,1086.7723213347256,1092.9957209226866,1099.2191205106478,1105.4425200986088,1111.66591968657,1117.8893192745313,1124.1127188624923,1130.3361184504536,1136.5595180384148,1142.7829176263758,1149.006317214337,1155.2297168022983,2015-02-24,24,0.341,963.5029526256544,2,2015,6.223399587961153,924.9639320477355,2014
2015-02-25,974.9669943378849,979.5345473537611,984.1021003696374,988.6696533855136,993.2372064013898,997.804759417266,1002.3723124331423,1006.9398654490185,1011.5074184648947,1016.074971480771,1020.6425244966472,1025.2100775125234,1029.7776305283996,1034.3451835442759,1038.912736560152,1043.4802895760283,1048.0478425919046,1052.6153956077808,1057.182948623657,1061.7505016395332,1066.3180546554095,1070.8856076712857,1075.453160687162,1080.0207137030382,1084.5882667189144,1089.1558197347906,1093.7233727506668,1098.290925766543,1102.8584787824193,1107.4260317982955,2015-02-25,25,0.34,970.5911516104393,2,2015,4.567553015876226,938.4265702108751,2014
2015-02-26,980.7772628015075,985.2378925498155,989.6985222981234,994.1591520464314,998.6197817947393,1003.0804115430473,1007.5410412913552,1012.0016710396632,1016.4623007879711,1020.9229305362791,1025.383560284587,1029.8441900328949,1034.304819781203,1038.7654495295108,1043.2260792778188,1047.6867090261267,1052.1473387744347,1056.6079685227426,1061.0685982710506,1065.5292280193585,1069.9898577676665,1074.4504875159744,1078.9111172642824,1083.3717470125903,1087.8323767608983,1092.2930065092062,1096.7536362575142,1101.214266005822,1105.6748957541301,1110.135525502438,2015-02-26,26,0.335,981.22093533969,2,2015,4.46062974830795,945.0922248150439,2014
2015-02-27,997.4491806757514,1004.4716488386398,1011.4941170015281,1018.5165851644165,1025.5390533273048,1032.5615214901932,1039.5839896530815,1046.60645781597,1053.6289259788584,1060.6513941417468,1067.6738623046351,1074.6963304675235,1081.7187986304118,1088.7412667933002,1095.7637349561885,1102.786203119077,1109.8086712819654,1116.8311394448538,1123.853607607742,1130.8760757706305,1137.8985439335188,1144.9210120964071,1151.9434802592955,1158.9659484221838,1165.9884165850722,1173.0108847479607,1180.033352910849,1187.0558210737374,1194.0782892366258,1201.1007573995141,2015-02-27,27,0.331,998.8803543302868,2,2015,7.022468162888369,941.2694353726445,2014
2015-02-28,1016.1097978248564,1025.6654502528665,1035.2211026808766,1044.7767551088866,1054.3324075368967,1063.8880599649067,1073.4437123929167,1082.999364820927,1092.555017248937,1102.110669676947,1111.666322104957,1121.2219745329671,1130.7776269609772,1140.3332793889874,1149.8889318169975,1159.4445842450075,1169.0002366730175,1178.5558891010276,1188.1115415290378,1197.6671939570479,1207.222846385058,1216.778498813068,1226.334151241078,1235.889803669088,1245.445456097098,1255.0011085251083,1264.5567609531183,1274.1124133811284,1283.6680658091384,1293.2237182371484,2015-02-28,28,0.325,1013.6035654391568,2,2015,9.555652428010074,939.6645784007758,2014
2015-03-01,1037.6415888845845,1049.7357781804196,1061.8299674762545,1073.9241567720896,1086.0183460679245,1098.1125353637597,1110.2067246595948,1122.3009139554297,1134.3951032512648,1146.4892925471,1158.5834818429348,1170.67767113877,1182.771860434605,1194.86604973044,1206.960239026275,1219.0544283221102,1231.148617617945,1243.24280691378,1255.336996209615,1267.4311855054502,1279.5253748012851,1291.6195640971202,1303.7137533929554,1315.8079426887903,1327.9021319846254,1339.9963212804605,1352.0905105762954,1364.1846998721305,1376.2788891679656,1388.3730784638005,2015-03-01,1,0.319,1033.5519099378298,3,2015,12.094189295835037,940.8880745179042,2014
2015-03-02,1059.3589424502513,1073.9150180974243,1088.4710937445975,1103.0271693917707,1117.583245038944,1132.1393206861171,1146.6953963332903,1161.2514719804633,1175.8075476276365,1190.3636232748097,1204.919698921983,1219.475774569156,1234.031850216329,1248.5879258635023,1263.1440015106755,1277.7000771578487,1292.2561528050219,1306.812228452195,1321.3683040993683,1335.9243797465413,1350.4804553937145,1365.0365310408877,1379.5926066880609,1394.148682335234,1408.704757982407,1423.2608336295802,1437.8169092767534,1452.3729849239267,1466.9290605710999,1481.485136218273,2015-03-02,2,0.317,1046.5916097478537,3,2015,14.556075647173163,942.910337272866,2014
2015-03-03,1081.3225929400148,1097.6448726017745,1113.9671522635342,1130.289431925294,1146.6117115870538,1162.9339912488135,1179.2562709105732,1195.578550572333,1211.9008302340926,1228.2231098958525,1244.5453895576122,1260.867669219372,1277.1899488811318,1293.5122285428915,1309.8345082046512,1326.156787866411,1342.4790675281706,1358.8013471899303,1375.1236268516902,1391.44590651345,1407.7681861752096,1424.0904658369693,1440.4127454987292,1456.735025160489,1473.0573048222486,1489.3795844840083,1505.701864145768,1522.0241438075277,1538.3464234692876,1554.6687031310473,2015-03-03,3,0.314,1067.7947936455726,3,2015,16.322279661759744,950.7443556459368,2014
2015-03-04,1097.7957792646812,1114.3666361946573,1130.9374931246336,1147.5083500546098,1164.079206984586,1180.6500639145622,1197.2209208445383,1213.7917777745147,1230.3626347044908,1246.9334916344671,1263.5043485644433,1280.0752054944196,1296.6460624243957,1313.2169193543718,1329.7877762843482,1346.3586332143243,1362.9294901443004,1379.5003470742768,1396.071204004253,1412.6420609342292,1429.2129178642053,1445.7837747941817,1462.3546317241578,1478.925488654134,1495.4963455841103,1512.0672025140866,1528.6380594440627,1545.2089163740388,1561.7797733040152,1578.3506302339913,2015-03-04,4,0.312,1078.9432923730446,3,2015,16.570856929976213,965.2289238248715,2014
2015-03-05,1107.3759725119673,1122.5999021629918,1137.8238318140163,1153.0477614650408,1168.2716911160653,1183.4956207670898,1198.719550418114,1213.9434800691386,1229.167409720163,1244.3913393711875,1259.615269022212,1274.8391986732365,1290.063128324261,1305.2870579752855,1320.51098762631,1335.7349172773343,1350.958846928359,1366.1827765793832,1381.4067062304077,1396.6306358814322,1411.8545655324567,1427.0784951834812,1442.3024248345057,1457.5263544855302,1472.7502841365545,1487.9742137875792,1503.1981434386034,1518.422073089628,1533.6460027406524,1548.869932391677,2015-03-05,5,0.31,1085.996251881342,3,2015,15.223929651024466,985.5845353037716,2014
2015-03-06,1122.4257220977731,1137.4964860725372,1152.5672500473013,1167.6380140220654,1182.7087779968294,1197.7795419715935,1212.8503059463576,1227.9210699211217,1242.9918338958855,1258.0625978706498,1273.1333618454137,1288.2041258201778,1303.2748897949418,1318.345653769706,1333.41641774447,1348.487181719234,1363.5579456939981,1378.6287096687622,1393.6994736435263,1408.7702376182904,1423.8410015930544,1438.9117655678185,1453.9825295425826,1469.0532935173464,1484.1240574921108,1499.1948214668746,1514.265585441639,1529.3363494164028,1544.407113391167,1559.477877365931,2015-03-06,6,0.303,1108.517240366216,3,2015,15.070763974764063,1001.8596102996606,2014
2015-03-07,1133.1841491321422,1147.238424378378,1161.2926996246138,1175.3469748708496,1189.4012501170855,1203.4555253633214,1217.5098006095573,1231.5640758557931,1245.618351102029,1259.6726263482647,1273.7269015945005,1287.7811768407364,1301.8354520869723,1315.8897273332082,1329.9440025794438,1343.99827782568,1358.0525530719156,1372.1068283181514,1386.1611035643873,1400.2153788106232,1414.269654056859,1428.3239293030947,1442.3782045493306,1456.4324797955665,1470.4867550418023,1484.5410302880382,1498.595305534274,1512.64958078051,1526.7038560267456,1540.7581312729815,2015-03-07,7,0.301,1117.374239078532,3,2015,14.05427524623584,1020.7499471622555,2014
2015-03-08,1143.7851379098151,1157.1136524137792,1170.4421669177432,1183.7706814217072,1197.0991959256712,1210.4277104296352,1223.7562249335992,1237.0847394375633,1250.4132539415273,1263.7417684454913,1277.0702829494553,1290.3987974534193,1303.7273119573833,1317.0558264613471,1330.3843409653111,1343.7128554692752,1357.0413699732392,1370.3698844772032,1383.6983989811672,1397.0269134851312,1410.3554279890952,1423.6839424930592,1437.0124569970233,1450.340971500987,1463.669486004951,1476.998000508915,1490.326515012879,1503.6550295168431,1516.9835440208071,1530.3120585247711,2015-03-08,8,0.299,1128.0801321651538,3,2015,13.328514503963998,1037.1570218781033,2014
2015-03-09,1152.7708078431092,1165.041668575434,1177.312529307759,1189.583390040084,1201.854250772409,1214.125111504734,1226.3959722370587,1238.6668329693837,1250.9376937017087,1263.2085544340337,1275.4794151663586,1287.7502758986834,1300.0211366310084,1312.2919973633334,1324.5628580956584,1336.8337188279834,1349.1045795603081,1361.3754402926331,1373.6463010249581,1385.917161757283,1398.188022489608,1410.4588832219329,1422.729743954258,1435.0006046865828,1447.2714654189078,1459.5423261512328,1471.8131868835576,1484.0840476158828,1496.3549083482076,1508.6257690805326,2015-03-09,9,0.297,1139.1056048868022,3,2015,12.270860732324948,1054.6039219845095,2014
2015-03-10,1164.2470427403687,1176.4264118116648,1188.6057808829612,1200.7851499542576,1212.964519025554,1225.1438880968503,1237.3232571681467,1249.502626239443,1261.6819953107395,1273.8613643820358,1286.0407334533322,1298.2201025246286,1310.399471595925,1322.5788406672214,1334.7582097385175,1346.937578809814,1359.1169478811103,1371.2963169524069,1383.475686023703,1395.6550550949994,1407.8344241662958,1420.0137932375922,1432.1931623088885,1444.372531380185,1456.5519004514813,1468.7312695227777,1480.910638594074,1493.0900076653704,1505.2693767366668,1517.4487458079632,2015-03-10,10,0.292,1150.6902044351905,3,2015,12.179369071296364,1066.8120901699976,2014
2015-03-11,1175.5151494966303,1187.520646454592,1199.5261434125537,1211.5316403705156,1223.5371373284772,1235.5426342864391,1247.5481312444008,1259.5536282023627,1271.5591251603244,1283.5646221182863,1295.570119076248,1307.5756160342098,1319.5811129921715,1331.5866099501332,1343.592106908095,1355.5976038660567,1367.6031008240186,1379.6085977819803,1391.6140947399422,1403.6195916979038,1415.6250886558655,1427.6305856138274,1439.636082571789,1451.641579529751,1463.6470764877126,1475.6525734456745,1487.6580704036362,1499.6635673615979,1511.6690643195598,1523.6745612775217,2015-03-11,11,0.28800000000000003,1162.6884588402452,3,2015,12.00549695796177,1079.471173832936,2014
2015-03-12,1177.84235797542,1187.69064966169,1197.5389413479597,1207.3872330342297,1217.2355247204994,1227.083816406769,1236.932108093039,1246.7803997793087,1256.6286914655786,1266.4769831518483,1276.3252748381183,1286.173566524388,1296.0218582106577,1305.8701498969276,1315.7184415831973,1325.5667332694672,1335.415024955737,1345.2633166420069,1355.1116083282766,1364.9599000145463,1374.8081917008162,1384.656483387086,1394.5047750733559,1404.3530667596256,1414.2013584458955,1424.0496501321652,1433.897941818435,1443.7462335047048,1453.5945251909745,1463.4428168772442,2015-03-12,12,0.28800000000000003,1162.6884588402452,3,2015,9.8482916862698,1099.0560244852618,2014
2015-03-13,1172.0092437221374,1178.893079556909,1185.7769153916806,1192.660751226452,1199.5445870612236,1206.4284228959953,1213.3122587307669,1220.1960945655385,1227.0799304003099,1233.9637662350815,1240.847602069853,1247.7314379046247,1254.6152737393961,1261.4991095741677,1268.3829454089393,1275.266781243711,1282.1506170784824,1289.034452913254,1295.9182887480256,1302.8021245827972,1309.6859604175688,1316.5697962523402,1323.4536320871118,1330.3374679218834,1337.221303756655,1344.1051395914265,1350.988975426198,1357.8728112609697,1364.7566470957413,1371.640482930513,2015-03-13,13,0.292,1150.6902044351905,3,2015,6.883835834771564,1116.938557043965,2014
2015-03-14,1164.1456792893148,1167.8613679613995,1171.5770566334845,1175.2927453055693,1179.0084339776542,1182.724122649739,1186.4398113218238,1190.1554999939087,1193.8711886659935,1197.5868773380785,1201.3025660101632,1205.018254682248,1208.733943354333,1212.4496320264177,1216.1653206985027,1219.8810093705874,1223.5966980426722,1227.3123867147572,1231.028075386842,1234.743764058927,1238.4594527310117,1242.1751414030964,1245.8908300751814,1249.6065187472661,1253.322207419351,1257.0378960914359,1260.7535847635206,1264.4692734356056,1268.1849621076904,1271.9006507797753,2015-03-14,14,0.29,1151.0374086040008,3,2015,3.715688672084841,1134.420169912636,2014
2015-03-15,1156.061330532834,1156.93602928584,1157.8107280388458,1158.6854267918516,1159.5601255448573,1160.4348242978633,1161.309523050869,1162.1842218038748,1163.0589205568808,1163.9336193098866,1164.8083180628923,1165.683016815898,1166.557715568904,1167.4324143219098,1168.3071130749156,1169.1818118279216,1170.0565105809274,1170.931209333933,1171.805908086939,1172.6806068399449,1173.5553055929506,1174.4300043459564,1175.3047030989624,1176.1794018519681,1177.0541006049739,1177.9287993579799,1178.8034981109856,1179.6781968639914,1180.5528956169971,1181.4275943700031,2015-03-15,15,0.29,1151.0374086040008,3,2015,0.8746987530058253,1149.0637405087875,2014
2015-03-16,1149.4225734515105,1148.2114470871427,1147.0003207227749,1145.789194358407,1144.578067994039,1143.3669416296711,1142.1558152653033,1140.9446889009355,1139.7335625365677,1138.5224361721996,1137.3113098078318,1136.100183443464,1134.8890570790961,1133.677930714728,1132.4668043503602,1131.2556779859924,1130.0445516216246,1128.8334252572567,1127.6222988928887,1126.4111725285209,1125.200046164153,1123.9889197997852,1122.7777934354174,1121.5666670710493,1120.3555407066815,1119.1444143423137,1117.9332879779458,1116.7221616135778,1115.51103524921,1114.2999088848421,2015-03-16,16,0.29,1151.0374086040008,3,2015,-1.2111263643678774,1159.1115843664536,2014
2015-03-17,1146.0441013598968,1143.9759568237391,1141.9078122875817,1139.8396677514243,1137.7715232152668,1135.7033786791094,1133.6352341429517,1131.5670896067943,1129.4989450706369,1127.4308005344794,1125.362655998322,1123.2945114621646,1121.226366926007,1119.1582223898495,1117.090077853692,1115.0219333175346,1112.9537887813772,1110.8856442452195,1108.817499709062,1106.7493551729046,1104.6812106367472,1102.6130661005898,1100.5449215644323,1098.4767770282747,1096.4086324921172,1094.3404879559598,1092.2723434198024,1090.204198883645,1088.1360543474873,1086.0679098113299,2015-03-17,17,0.29,1151.0374086040008,3,2015,-2.0681445361574746,1162.5892576491565,2014
2015-03-18,1147.7581377034758,1146.534611190222,1145.311084676968,1144.087558163714,1142.8640316504602,1141.6405051372062,1140.4169786239522,1139.1934521106984,1137.9699255974444,1136.7463990841904,1135.5228725709367,1134.2993460576827,1133.0758195444287,1131.8522930311747,1130.628766517921,1129.405240004667,1128.181713491413,1126.9581869781591,1125.7346604649051,1124.5111339516511,1123.2876074383973,1122.0640809251433,1120.8405544118893,1119.6170278986353,1118.3935013853816,1117.1699748721276,1115.9464483588736,1114.7229218456198,1113.4993953323658,1112.2758688191118,2015-03-18,18,0.29,1151.0374086040008,3,2015,-1.2235265132539312,1157.5463498095073,2014
2015-03-19,1164.1753332316428,1166.657294322655,1169.139255413667,1171.6212165046788,1174.103177595691,1176.585138686703,1179.067099777715,1181.5490608687269,1184.031021959739,1186.512983050751,1188.994944141763,1191.4769052327752,1193.958866323787,1196.440827414799,1198.9227885058112,1201.4047495968232,1203.8867106878351,1206.368671778847,1208.8506328698593,1211.3325939608712,1213.8145550518832,1216.2965161428954,1218.7784772339073,1221.2604383249193,1223.7423994159315,1226.2243605069434,1228.7063215979554,1231.1882826889673,1233.6702437799795,1236.1522048709915,2015-03-19,19,0.28600000000000003,1173.8551746179685,3,2015,2.4819610910120216,1144.3196445035467,2014
2015-03-20,1173.8551746179692,1177.929775691892,1182.0043767658149,1186.0789778397377,1190.1535789136606,1194.2281799875834,1198.3027810615063,1202.3773821354291,1206.451983209352,1210.5265842832746,1214.6011853571974,1218.6757864311203,1222.7503875050431,1226.824988578966,1230.8995896528888,1234.9741907268117,1239.0487918007345,1243.1233928746574,1247.1979939485802,1251.272595022503,1255.3471960964257,1259.4217971703486,1263.4963982442714,1267.5709993181943,1271.645600392117,1275.72020146604,1279.7948025399628,1283.8694036138857,1287.9440046878085,1292.0186057617314,2015-03-20,20,0.28600000000000003,1173.8551746179685,3,2015,4.074601073922829,1141.2583660265866,2014
2015-03-21,1183.4302477101219,1188.8927148814312,1194.3551820527405,1199.8176492240498,1205.280116395359,1210.7425835666681,1216.2050507379774,1221.6675179092867,1227.129985080596,1232.5924522519051,1238.0549194232144,1243.5173865945237,1248.979853765833,1254.4423209371423,1259.9047881084514,1265.3672552797607,1270.82972245107,1276.2921896223793,1281.7546567936884,1287.2171239649977,1292.679591136307,1298.1420583076163,1303.6045254789256,1309.0669926502346,1314.529459821544,1319.9919269928532,1325.4543941641625,1330.9168613354718,1336.379328506781,1341.8417956780902,2015-03-21,21,0.28500000000000003,1179.202669522253,3,2015,5.462467171309251,1139.730510339648,2014
2015-03-22,1200.870213576995,1208.9437386970376,1217.0172638170804,1225.090788937123,1233.1643140571657,1241.2378391772086,1249.3113642972512,1257.3848894172938,1265.4584145373365,1273.5319396573793,1281.605464777422,1289.6789898974646,1297.7525150175074,1305.82604013755,1313.8995652575927,1321.9730903776353,1330.046615497678,1338.1201406177208,1346.1936657377635,1354.267190857806,1362.340715977849,1370.4142410978916,1378.4877662179342,1386.5612913379769,1394.6348164580197,1402.7083415780623,1410.781866698105,1418.8553918181478,1426.9289169381905,1435.002442058233,2015-03-22,22,0.28,1200.0075471075754,3,2015,8.073525120042694,1136.2820126166534,2014
2015-03-23,1213.294641973534,1222.6015783871264,1231.9085148007189,1241.2154512143113,1250.5223876279038,1259.829324041496,1269.1362604550884,1278.4431968686808,1287.7501332822733,1297.0570696958657,1306.364006109458,1315.6709425230504,1324.9778789366428,1334.2848153502352,1343.5917517638277,1352.89868817742,1362.2056245910123,1371.5125610046048,1380.8194974181972,1390.1264338317897,1399.4333702453819,1408.7403066589743,1418.0472430725667,1427.3541794861592,1436.6611158997516,1445.9680523133438,1455.2749887269363,1464.5819251405287,1473.8888615541211,1483.1957979677136,2015-03-23,23,0.278,1203.472891160384,3,2015,9.306936413592393,1138.839150664795,2014
2015-03-24,1222.9025397385126,1232.4466140008408,1241.990688263169,1251.5347625254972,1261.0788367878254,1270.6229110501536,1280.1669853124815,1289.7110595748097,1299.255133837138,1308.7992080994661,1318.3432823617943,1327.8873566241223,1337.4314308864505,1346.9755051487787,1356.5195794111069,1366.063653673435,1375.6077279357633,1385.1518021980912,1394.6958764604194,1404.2399507227476,1413.7840249850758,1423.3280992474038,1432.872173509732,1442.4162477720602,1451.9603220343884,1461.5043962967165,1471.0484705590447,1480.592544821373,1490.136619083701,1499.680693346029,2015-03-24,24,0.276,1211.6528331942502,3,2015,9.544074262328152,1146.5499456398875,2014
2015-03-25,1230.2765454508612,1239.0976936539298,1247.9188418569981,1256.7399900600667,1265.5611382631353,1274.3822864662038,1283.2034346692724,1292.024582872341,1300.8457310754093,1309.6668792784778,1318.4880274815464,1327.309175684615,1336.1303238876835,1344.951472090752,1353.7726202938206,1362.593768496889,1371.4149166999575,1380.236064903026,1389.0572131060947,1397.8783613091632,1406.6995095122318,1415.5206577153003,1424.3418059183687,1433.1629541214372,1441.9841023245058,1450.8052505275743,1459.626398730643,1468.4475469337112,1477.26869513678,1486.0898433398484,2015-03-25,25,0.27399999999999997,1222.8973782497094,3,2015,8.821148203068525,1159.707359826313,2014
2015-03-26,1248.9269154962708,1259.9239594565652,1270.9210034168593,1281.9180473771537,1292.9150913374478,1303.9121352977422,1314.9091792580364,1325.9062232183305,1336.903267178625,1347.9003111389193,1358.8973550992134,1369.8943990595076,1380.891443019802,1391.888486980096,1402.8855309403905,1413.8825749006846,1424.879618860979,1435.8766628212732,1446.8737067815673,1457.8707507418617,1468.8677947021558,1479.8648386624502,1490.8618826227444,1501.8589265830387,1512.855970543333,1523.853014503627,1534.8500584639214,1545.8471024242156,1556.84414638451,1567.841190344804,2015-03-26,26,0.268,1243.4826837335181,3,2015,10.99704396029425,1160.950563813917,2014
2015-03-27,1267.8271083050622,1280.4252156021844,1293.0233228993065,1305.6214301964287,1318.219537493551,1330.817644790673,1343.4157520877955,1356.0138593849176,1368.6119666820398,1381.210073979162,1393.8081812762841,1406.4062885734065,1419.0043958705287,1431.6025031676509,1444.200610464773,1456.7987177618952,1469.3968250590174,1481.9949323561398,1494.593039653262,1507.191146950384,1519.7892542475063,1532.3873615446287,1544.9854688417508,1557.583576138873,1570.1816834359952,1582.7797907331174,1595.3778980302395,1607.9760053273617,1620.574112624484,1633.1722199216063,2015-03-27,27,0.264,1261.3267508483225,3,2015,12.598107297122212,1167.0422499280844,2014
2015-03-28,1277.627318134826,1289.673464175384,1301.7196102159419,1313.7657562565,1325.811902297058,1337.8580483376159,1349.904194378174,1361.950340418732,1373.9964864592898,1386.042632499848,1398.0887785404059,1410.1349245809638,1422.1810706215217,1434.2272166620799,1446.2733627026378,1458.3195087431957,1470.3656547837538,1482.4118008243117,1494.4579468648697,1506.5040929054278,1518.5502389459857,1530.5963849865436,1542.6425310271015,1554.6886770676597,1566.7348231082176,1578.7809691487755,1590.8271151893337,1602.8732612298916,1614.9194072704495,1626.9655533110076,2015-03-28,28,0.264,1263.2590535144004,3,2015,12.046146040557987,1181.258149810362,2014
2015-03-29,1284.335849216564,1295.800145655884,1307.2644420952042,1318.7287385345244,1330.1930349738443,1341.6573314131645,1353.1216278524846,1364.5859242918048,1376.0502207311247,1387.5145171704448,1398.978813609765,1410.4431100490851,1421.9074064884053,1433.3717029277252,1444.8359993670454,1456.3002958063655,1467.7645922456854,1479.2288886850056,1490.6931851243257,1502.157481563646,1513.621778002966,1525.0860744422862,1536.550370881606,1548.0146673209263,1559.4789637602464,1570.9432601995663,1582.4075566388865,1593.8718530782066,1605.3361495175268,1616.800445956847,2015-03-29,29,0.264,1263.2590535144004,3,2015,11.4642964393201,1192.6214777020032,2014
2015-03-30,1295.1244120687566,1306.4237032741817,1317.7229944796065,1329.0222856850316,1340.3215768904565,1351.6208680958816,1362.9201593013065,1374.2194505067314,1385.5187417121565,1396.8180329175816,1408.1173241230065,1419.4166153284314,1430.7159065338565,1442.0151977392813,1453.3144889447065,1464.6137801501313,1475.9130713555564,1487.2123625609813,1498.5116537664062,1509.8109449718313,1521.1102361772562,1532.4095273826813,1543.7088185881062,1555.0081097935313,1566.3074009989562,1577.606692204381,1588.9059834098061,1600.205274615231,1611.5045658206561,1622.803857026081,2015-03-30,30,0.261,1283.612977674794,3,2015,11.299291205424979,1204.7300824253568,2014
2015-03-31,1297.9700805762604,1307.4107837485421,1316.8514869208238,1326.2921900931053,1335.732893265387,1345.1735964376685,1354.6142996099502,1364.0550027822317,1373.4957059545134,1382.9364091267948,1392.3771122990765,1401.817815471358,1411.2585186436397,1420.6992218159212,1430.139924988203,1439.5806281604846,1449.021331332766,1458.4620345050478,1467.9027376773292,1477.343440849611,1486.7841440218924,1496.2248471941741,1505.6655503664556,1515.1062535387373,1524.546956711019,1533.9876598833005,1543.428363055582,1552.8690662278636,1562.3097694001453,1571.7504725724268,2015-03-31,31,0.261,1283.612977674794,3,2015,9.440703172281598,1222.4444551980077,2014
2015-04-01,1295.3548191817415,1301.9732927402117,1308.591766298682,1315.2102398571521,1321.8287134156224,1328.4471869740926,1335.0656605325628,1341.6841340910332,1348.3026076495034,1354.9210812079737,1361.5395547664439,1368.158028324914,1374.7765018833843,1381.3949754418545,1388.0134490003247,1394.631922558795,1401.2503961172652,1407.8688696757354,1414.4873432342058,1421.105816792676,1427.7242903511462,1434.3427639096165,1440.9612374680867,1447.5797110265569,1454.198184585027,1460.8166581434973,1467.4351317019677,1474.053605260438,1480.6720788189082,1487.2905523773784,2015-04-01,1,0.261,1283.612977674794,4,2015,6.618473558470237,1242.4070307139796,2014
2015-04-02,1299.2909487398442,1305.0600565145623,1310.8291642892805,1316.5982720639984,1322.3673798387165,1328.1364876134346,1333.9055953881525,1339.6747031628706,1345.4438109375888,1351.2129187123069,1356.9820264870248,1362.751134261743,1368.5202420364608,1374.289349811179,1380.058457585897,1385.8275653606152,1391.596673135333,1397.3657809100512,1403.1348886847693,1408.9039964594872,1414.6731042342053,1420.4422120089234,1426.2113197836413,1431.9804275583595,1437.7495353330776,1443.5186431077955,1449.2877508825136,1455.0568586572317,1460.8259664319496,1466.5950742066677,2015-04-02,2,0.259,1294.8178325852969,4,2015,5.769107774718049,1253.1380865421,2014
2015-04-03,1313.3013602074498,1320.7669347078033,1328.2325092081567,1335.6980837085102,1343.1636582088638,1350.6292327092171,1358.0948072095707,1365.560381709924,1373.0259562102776,1380.4915307106312,1387.9571052109845,1395.422679711338,1402.8882542116917,1410.353828712045,1417.8194032123986,1425.2849777127522,1432.7505522131055,1440.216126713459,1447.6817012138126,1455.147275714166,1462.6128502145195,1470.0784247148729,1477.5439992152264,1485.00957371558,1492.4751482159334,1499.940722716287,1507.4062972166403,1514.8718717169938,1522.3374462173474,1529.8030207177007,2015-04-03,3,0.257,1311.8985628037676,4,2015,7.465574500353485,1253.576764204622,2014
2015-04-04,1320.9153568240245,1328.5473051467586,1336.1792534694928,1343.8112017922267,1351.4431501149609,1359.075098437695,1366.707046760429,1374.3389950831631,1381.9709434058973,1389.6028917286312,1397.2348400513654,1404.8667883740995,1412.4987366968335,1420.1306850195676,1427.7626333423018,1435.3945816650357,1443.02652998777,1450.6584783105038,1458.290426633238,1465.9223749559721,1473.554323278706,1481.1862716014402,1488.8182199241744,1496.4501682469083,1504.0821165696425,1511.7140648923767,1519.3460132151106,1526.9779615378447,1534.6099098605787,1542.2418581833128,2015-04-04,4,0.257,1311.8985628037676,4,2015,7.6319483227340825,1259.8597702421519,2014
2015-04-05,1321.5808521135468,1327.6420489268985,1333.70324574025,1339.7644425536016,1345.8256393669533,1351.8868361803047,1357.9480329936564,1364.009229807008,1370.0704266203597,1376.1316234337112,1382.1928202470629,1388.2540170604145,1394.315213873766,1400.3764106871176,1406.4376075004693,1412.498804313821,1418.5600011271724,1424.621197940524,1430.6823947538758,1436.7435915672272,1442.8047883805789,1448.8659851939306,1454.9271820072822,1460.9883788206337,1467.0495756339853,1473.110772447337,1479.1719692606887,1485.2331660740401,1491.2943628873918,1497.3555597007435,2015-04-05,5,0.257,1311.8985628037676,4,2015,6.061196813351608,1273.091277606734,2014
2015-04-06,1334.0265975237426,1341.5636786524217,1349.1007597811008,1356.6378409097802,1364.1749220384593,1371.7120031671386,1379.2490842958177,1386.786165424497,1394.3232465531762,1401.8603276818553,1409.3974088105347,1416.9344899392138,1424.4715710678931,1432.0086521965723,1439.5457333252516,1447.0828144539307,1454.6198955826098,1462.1569767112892,1469.6940578399683,1477.2311389686477,1484.7682200973268,1492.3053012260061,1499.8423823546852,1507.3794634833644,1514.9165446120437,1522.453625740723,1529.9907068694022,1537.5277879980813,1545.0648691267606,1552.6019502554398,2015-04-06,6,0.254,1329.408434716993,4,2015,7.537081128679219,1273.7299484943087,2014
2015-04-07,1339.9301347850535,1347.3075481918388,1354.6849615986243,1362.0623750054099,1369.4397884121954,1376.8172018189807,1384.1946152257663,1391.5720286325518,1398.949442039337,1406.3268554461226,1413.7042688529082,1421.0816822596935,1428.459095666479,1435.8365090732646,1443.21392248005,1450.5913358868354,1457.968749293621,1465.3461627004065,1472.723576107192,1480.1009895139773,1487.4784029207628,1494.8558163275484,1502.2332297343337,1509.6106431411192,1516.9880565479048,1524.36546995469,1531.7428833614756,1539.1202967682611,1546.4977101750464,1553.875123581832,2015-04-07,7,0.254,1329.408434716993,4,2015,7.37741340678547,1280.9108275307697,2014
2015-04-08,1339.2914638974783,1344.8736575451485,1350.4558511928187,1356.038044840489,1361.6202384881592,1367.2024321358294,1372.7846257834997,1378.36681943117,1383.9490130788402,1389.5312067265104,1395.1134003741806,1400.6955940218509,1406.2777876695209,1411.8599813171911,1417.4421749648614,1423.0243686125316,1428.6065622602018,1434.188755907872,1439.7709495555423,1445.3531432032125,1450.9353368508828,1456.517530498553,1462.0997241462233,1467.6819177938935,1473.2641114415637,1478.8463050892337,1484.428498736904,1490.0106923845742,1495.5928860322445,1501.1750796799147,2015-04-08,8,0.254,1329.408434716993,4,2015,5.58219364767022,1294.6339147161166,2014
2015-04-09,1344.8904450752018,1350.1383941486015,1355.3863432220012,1360.6342922954009,1365.8822413688006,1371.1301904422003,1376.3781395156,1381.6260885889997,1386.8740376623994,1392.121986735799,1397.3699358091988,1402.6178848825984,1407.8658339559981,1413.1137830293978,1418.3617321027975,1423.6096811761972,1428.857630249597,1434.1055793229966,1439.3535283963963,1444.601477469796,1449.8494265431955,1455.0973756165954,1460.3453246899949,1465.5932737633948,1470.8412228367943,1476.0891719101942,1481.3371209835936,1486.5850700569936,1491.833019130393,1497.0809682037927,2015-04-09,9,0.253,1343.3695489089382,4,2015,5.247949073399692,1302.9068524880042,2014
2015-04-10,1350.8737797288927,1356.4935986762448,1362.1134176235967,1367.7332365709487,1373.3530555183008,1378.9728744656527,1384.5926934130048,1390.2125123603569,1395.8323313077087,1401.4521502550608,1407.0719692024127,1412.6917881497648,1418.3116070971168,1423.9314260444687,1429.5512449918208,1435.1710639391729,1440.7908828865247,1446.4107018338768,1452.030520781229,1457.6503397285808,1463.2701586759329,1468.889977623285,1474.5097965706368,1480.129615517989,1485.749434465341,1491.3692534126928,1496.989072360045,1502.6088913073968,1508.2287102547489,1513.848529202101,2015-04-10,10,0.253,1343.3695489089382,4,2015,5.619818947352005,1305.9152281500767,2014
2015-04-11,1352.3612592247016,1357.2289842565356,1362.0967092883695,1366.9644343202035,1371.8321593520375,1376.6998843838714,1381.5676094157054,1386.4353344475394,1391.3030594793731,1396.170784511207,1401.038509543041,1405.906234574875,1410.773959606709,1415.641684638543,1420.509409670377,1425.377134702211,1430.244859734045,1435.1125847658789,1439.9803097977126,1444.8480348295466,1449.7157598613805,1454.5834848932145,1459.4512099250485,1464.3189349568825,1469.1866599887164,1474.0543850205504,1478.9221100523844,1483.7898350842183,1488.657560116052,1493.525285147886,2015-04-11,11,0.253,1343.3695489089382,4,2015,4.867725031833948,1313.41945897003,2014
2015-04-12,1356.0601164280454,1360.3093899171563,1364.5586634062674,1368.8079368953784,1373.0572103844893,1377.3064838736002,1381.5557573627111,1385.805030851822,1390.054304340933,1394.3035778300439,1398.5528513191548,1402.8021248082657,1407.0513982973766,1411.3006717864876,1415.5499452755985,1419.7992187647094,1424.0484922538203,1428.2977657429312,1432.5470392320422,1436.7963127211533,1441.045586210264,1445.2948596993751,1449.544133188486,1453.793406677597,1458.042680166708,1462.2919536558188,1466.5412271449297,1470.7905006340407,1475.0397741231516,1479.2890476122625,2015-04-12,12,0.251,1355.1072064234152,4,2015,4.249273489110932,1322.065928515158,2014
2015-04-13,1361.0905410771065,1365.6796074532535,1370.2686738294005,1374.8577402055473,1379.4468065816943,1384.0358729578413,1388.624939333988,1393.214005710135,1397.803072086282,1402.392138462429,1406.9812048385759,1411.5702712147229,1416.1593375908699,1420.7484039670167,1425.3374703431637,1429.9265367193107,1434.5156030954574,1439.1046694716044,1443.6937358477514,1448.2828022238982,1452.8718686000452,1457.4609349761922,1462.050001352339,1466.639067728486,1471.228134104633,1475.8172004807798,1480.4062668569268,1484.9953332330738,1489.5843996092208,1494.1734659853676,2015-04-13,13,0.251,1355.1072064234152,4,2015,4.5890663761469295,1324.3780100679312,2014
2015-04-14,1362.4497126252506,1366.4607586132042,1370.4718046011576,1374.4828505891112,1378.4938965770648,1382.5049425650184,1386.515988552972,1390.5270345409256,1394.5380805288792,1398.5491265168328,1402.5601725047864,1406.57121849274,1410.5822644806935,1414.5933104686471,1418.6043564566007,1422.6154024445543,1426.626448432508,1430.6374944204615,1434.648540408415,1438.6595863963687,1442.6706323843223,1446.6816783722757,1450.6927243602295,1454.7037703481828,1458.7148163361364,1462.72586232409,1466.7369083120436,1470.7479542999972,1474.7590002879508,1478.7700462759044,2015-04-14,14,0.251,1355.1072064234152,4,2015,4.011045987953582,1330.361344721622,2014
2015-04-15,1360.1376310724772,1362.652843397008,1365.1680557215386,1367.6832680460693,1370.1984803706002,1372.713692695131,1375.2289050196616,1377.7441173441923,1380.259329668723,1382.774541993254,1385.2897543177846,1387.8049666423153,1390.320178966846,1392.835391291377,1395.3506036159076,1397.8658159404383,1400.381028264969,1402.8962405894997,1405.4114529140306,1407.9266652385613,1410.441877563092,1412.9570898876227,1415.4723022121534,1417.9875145366843,1420.502726861215,1423.0179391857457,1425.5331515102764,1428.0483638348073,1430.563576159338,1433.0787884838687,2015-04-15,15,0.251,1355.1072064234152,4,2015,2.515212324530743,1340.0159324762312,2014
2015-04-16,1360.1376310724772,1362.2336413429196,1364.329651613362,1366.4256618838044,1368.5216721542467,1370.617682424689,1372.7136926951316,1374.809702965574,1376.9057132360163,1379.0017235064586,1381.0977337769011,1383.1937440473434,1385.2897543177858,1387.385764588228,1389.4817748586706,1391.577785129113,1393.6737953995553,1395.7698056699978,1397.8658159404401,1399.9618262108825,1402.0578364813248,1404.1538467517673,1406.2498570222097,1408.345867292652,1410.4418775630943,1412.5378878335368,1414.6338981039792,1416.7299083744215,1418.8259186448638,1420.9219289153064,2015-04-16,16,0.251,1355.1072064234152,4,2015,2.09601027044238,1343.3695489089382,2014
2015-04-17,1358.460822856123,1359.7184290183886,1360.9760351806542,1362.2336413429196,1363.4912475051851,1364.7488536674505,1366.006459829716,1367.2640659919814,1368.521672154247,1369.7792783165123,1371.036884478778,1372.2944906410435,1373.5520968033088,1374.8097029655744,1376.0673091278397,1377.3249152901053,1378.5825214523707,1379.8401276146362,1381.0977337769018,1382.3553399391672,1383.6129461014327,1384.870552263698,1386.1281584259636,1387.385764588229,1388.6433707504946,1389.90097691276,1391.1585830750255,1392.416189237291,1393.6737953995564,1394.931401561822,2015-04-17,17,0.251,1355.1072064234152,4,2015,1.2576061622654737,1348.3999735579994,2014
2015-04-18,1348.3999735580007,1347.1423673957354,1345.8847612334703,1344.627155071205,1343.3695489089398,1342.1119427466745,1340.8543365844093,1339.5967304221442,1338.3391242598789,1337.0815180976138,1335.8239119353484,1334.5663057730833,1333.308699610818,1332.0510934485528,1330.7934872862875,1329.5358811240224,1328.2782749617572,1327.020668799492,1325.7630626372268,1324.5054564749614,1323.2478503126963,1321.990244150431,1320.7326379881658,1319.4750318259007,1318.2174256636354,1316.9598195013702,1315.702213339105,1314.4446071768398,1313.1870010145744,1311.9293948523093,2015-04-18,18,0.253,1343.3695489089382,4,2015,-1.2576061622652177,1358.4608228561224,2014
2015-04-19,1343.369548908939,1341.2735386384966,1339.1775283680543,1337.0815180976122,1334.9855078271698,1332.8894975567275,1330.7934872862852,1328.697477015843,1326.6014667454008,1324.5054564749585,1322.4094462045161,1320.313435934074,1318.2174256636317,1316.1214153931894,1314.025405122747,1311.929394852305,1309.8333845818627,1307.7373743114204,1305.641364040978,1303.5453537705357,1301.4493435000936,1299.3533332296513,1297.257322959209,1295.1613126887667,1293.0653024183246,1290.9692921478822,1288.87328187744,1286.7772716069976,1284.6812613365555,1282.5852510661132,2015-04-19,19,0.253,1343.3695489089382,4,2015,-2.096010270442266,1360.137631072477,2014
2015-04-20,1340.015932476231,1337.5007201517003,1334.9855078271696,1332.470295502639,1329.9550831781082,1327.4398708535775,1324.9246585290468,1322.4094462045161,1319.8942338799854,1317.3790215554548,1314.863809230924,1312.3485969063934,1309.8333845818627,1307.318172257332,1304.802959932801,1302.2877476082704,1299.7725352837397,1297.257322959209,1294.7421106346783,1292.2268983101476,1289.711685985617,1287.1964736610862,1284.6812613365555,1282.1660490120248,1279.6508366874941,1277.1356243629634,1274.6204120384327,1272.105199713902,1269.5899873893713,1267.0747750648404,2015-04-20,20,0.253,1343.3695489089382,4,2015,-2.51521232453071,1360.1376310724768,2014
2015-04-21,1338.339124259877,1335.8239119353461,1333.3086996108154,1330.7934872862847,1328.278274961754,1325.7630626372234,1323.2478503126927,1320.7326379881617,1318.217425663631,1315.7022133391004,1313.1870010145697,1310.671788690039,1308.1565763655083,1305.6413640409774,1303.1261517164467,1300.610939391916,1298.0957270673853,1295.5805147428546,1293.0653024183239,1290.550090093793,1288.0348777692623,1285.5196654447316,1283.0044531202009,1280.4892407956702,1277.9740284711393,1275.4588161466086,1272.9436038220779,1270.4283914975472,1267.9131791730165,1265.3979668484858,2015-04-21,21,0.253,1343.3695489089382,4,2015,-2.5152123245307334,1358.4608228561228,2014
2015-04-22,1330.361344721623,1326.769500787758,1323.177656853893,1319.5858129200283,1315.9939689861633,1312.4021250522983,1308.8102811184333,1305.2184371845683,1301.6265932507033,1298.0347493168383,1294.4429053829733,1290.8510614491083,1287.2592175152433,1283.6673735813783,1280.0755296475133,1276.4836857136484,1272.8918417797834,1269.2999978459184,1265.7081539120534,1262.1163099781884,1258.5244660443234,1254.9326221104584,1251.3407781765934,1247.7489342427284,1244.1570903088636,1240.5652463749987,1236.9734024411337,1233.3815585072687,1229.7897145734037,1226.1978706395387,2015-04-22,22,0.254,1329.408434716993,4,2015,-3.591843933864982,1359.096096192543,2014
2015-04-23,1326.054818284286,1322.3041560163163,1318.5534937483465,1314.8028314803767,1311.052169212407,1307.3015069444373,1303.5508446764675,1299.8001824084977,1296.0495201405279,1292.298857872558,1288.5481956045883,1284.7975333366185,1281.046871068649,1277.296208800679,1273.5455465327093,1269.7948842647395,1266.0442219967697,1262.2935597288,1258.54289746083,1254.7922351928603,1251.0415729248907,1247.290910656921,1243.540248388951,1239.7895861209813,1236.0389238530115,1232.2882615850417,1228.537599317072,1224.786937049102,1221.0362747811325,1217.2856125131627,2015-04-23,23,0.254,1329.408434716993,4,2015,-3.7506622679697723,1356.0601164280442,2014
2015-04-24,1315.4139038545945,1310.5461788227608,1305.678453790927,1300.8107287590935,1295.9430037272598,1291.075278695426,1286.2075536635923,1281.3398286317586,1276.4721035999248,1271.604378568091,1266.7366535362573,1261.8689285044236,1257.0012034725899,1252.133478440756,1247.2657534089224,1242.3980283770886,1237.5303033452549,1232.6625783134211,1227.7948532815874,1222.9271282497537,1218.05940321792,1213.1916781860864,1208.3239531542526,1203.456228122419,1198.5885030905852,1193.7207780587514,1188.8530530269177,1183.985327995084,1179.1176029632502,1174.2498779314164,2015-04-24,24,0.257,1311.8985628037676,4,2015,-4.867725031833731,1354.3557041092645,2014
2015-04-25,1296.15481088238,1288.2063024761937,1280.2577940700078,1272.3092856638216,1264.3607772576356,1256.4122688514494,1248.4637604452635,1240.5152520390775,1232.5667436328913,1224.6182352267053,1216.6697268205191,1208.7212184143332,1200.772710008147,1192.824201601961,1184.875693195775,1176.9271847895889,1168.978676383403,1161.0301679772167,1153.0816595710307,1145.1331511648445,1137.1846427586586,1129.2361343524724,1121.2876259462864,1113.3391175401002,1105.3906091339143,1097.4421007277283,1089.493592321542,1081.5450839153561,1073.5965755091702,1065.648067102984,2015-04-25,25,0.259,1294.8178325852969,4,2015,-7.948508406186064,1359.7428781318683,2014
2015-04-26,1283.8316773849706,1274.5363754731338,1265.241073561297,1255.94577164946,1246.6504697376233,1237.3551678257863,1228.0598659139496,1218.7645640021128,1209.4692620902758,1200.173960178439,1190.8786582666023,1181.5833563547653,1172.2880544429286,1162.9927525310918,1153.6974506192548,1144.402148707418,1135.106846795581,1125.8115448837443,1116.5162429719076,1107.2209410600708,1097.9256391482338,1088.630337236397,1079.33503532456,1070.0397334127233,1060.7444315008865,1051.4491295890498,1042.1538276772128,1032.858525765376,1023.5632238535391,1014.2679219417023,2015-04-26,26,0.259,1294.8178325852969,4,2015,-9.29530191183684,1358.1940926796653,2014
2015-04-27,1278.4445033623672,1269.536397813581,1260.6282922647952,1251.720186716009,1242.812081167223,1233.9039756184368,1224.9958700696507,1216.0877645208645,1207.1796589720784,1198.2715534232923,1189.3634478745062,1180.45534232572,1171.547236776934,1162.6391312281478,1153.7310256793617,1144.8229201305755,1135.9148145817894,1127.0067090330033,1118.0986034842172,1109.1904979354313,1100.282392386645,1091.374286837859,1082.466181289073,1073.5580757402868,1064.6499701915006,1055.7418646427145,1046.8337590939284,1037.9256535451423,1029.0175479963561,1020.10944244757,2015-04-27,27,0.259,1294.8178325852969,4,2015,-8.908105548786112,1349.7093477526562,2014
2015-04-28,1279.9932888145706,1273.2063694975366,1266.4194501805027,1259.632530863469,1252.8456115464348,1246.058692229401,1239.2717729123672,1232.4848535953333,1225.6979342782993,1218.9110149612654,1212.1240956442316,1205.3371763271975,1198.5502570101637,1191.7633376931299,1184.9764183760958,1178.189499059062,1171.4025797420281,1164.6156604249943,1157.8287411079602,1151.0418217909264,1144.2549024738926,1137.4679831568585,1130.6810638398247,1123.8941445227908,1117.107225205757,1110.320305888723,1103.533386571689,1096.7464672546553,1089.9595479376212,1083.1726286205874,2015-04-28,28,0.259,1294.8178325852969,4,2015,-6.786919317033902,1334.2886433508418,2014
2015-04-29,1292.255116355586,1289.1590064921356,1286.0628966286852,1282.9667867652347,1279.8706769017842,1276.7745670383338,1273.678457174883,1270.5823473114326,1267.4862374479821,1264.3901275845317,1261.2940177210812,1258.1979078576308,1255.1017979941803,1252.0056881307298,1248.9095782672794,1245.8134684038287,1242.7173585403782,1239.6212486769277,1236.5251388134773,1233.4290289500268,1230.3329190865763,1227.2368092231259,1224.1406993596754,1221.044589496225,1217.9484796327743,1214.8523697693238,1211.7562599058733,1208.6601500424229,1205.5640401789724,1202.467930315522,2015-04-29,29,0.257,1311.8985628037676,4,2015,-3.09610986345049,1317.02399526319,2014
2015-04-30,1317.023995263191,1320.1201051266416,1323.2162149900923,1326.312324853543,1329.4084347169937,1332.5045445804444,1335.600654443895,1338.6967643073458,1341.7928741707965,1344.8889840342472,1347.9850938976979,1351.0812037611488,1354.1773136245995,1357.2734234880502,1360.3695333515009,1363.4656432149516,1366.5617530784023,1369.657862941853,1372.7539728053036,1375.8500826687543,1378.946192532205,1382.0423023956557,1385.1384122591066,1388.2345221225573,1391.330631986008,1394.4267418494587,1397.5228517129094,1400.61896157636,1403.7150714398108,1406.8111813032615,2015-04-30,30,0.254,1329.408434716993,4,2015,3.0961098634507116,1292.2551163555852,2014
2015-05-01,1334.2886433508422,1341.0755626678763,1347.8624819849103,1354.6494013019442,1361.4363206189782,1368.2232399360123,1375.0101592530461,1381.7970785700802,1388.5839978871143,1395.370917204148,1402.1578365211822,1408.9447558382162,1415.7316751552503,1422.5185944722841,1429.3055137893182,1436.092433106352,1442.879352423386,1449.6662717404201,1456.4531910574542,1463.240110374488,1470.027029691522,1476.813949008556,1483.60086832559,1490.387787642624,1497.1747069596581,1503.961626276692,1510.748545593726,1517.5354649107599,1524.322384227794,1531.109303544828,2015-05-01,1,0.254,1329.408434716993,5,2015,6.786919317033988,1279.9932888145704,2014
2015-05-02,1341.7315682144024,1349.1438400997658,1356.5561119851293,1363.968383870493,1371.3806557558564,1378.79292764122,1386.2051995265836,1393.6174714119472,1401.0297432973107,1408.4420151826744,1415.8542870680378,1423.2665589534013,1430.678830838765,1438.0911027241284,1445.503374609492,1452.9156464948555,1460.3279183802192,1467.7401902655827,1475.1524621509463,1482.5647340363098,1489.9770059216735,1497.389277807037,1504.8015496924004,1512.213821577764,1519.6260934631275,1527.0383653484912,1534.4506372338546,1541.8629091192183,1549.2751810045818,1556.6874528899452,2015-05-02,2,0.254,1329.408434716993,5,2015,7.412271885363554,1282.4333931314939,2014
2015-05-03,1352.2107580259749,1360.50883749553,1368.806916965085,1377.1049964346403,1385.4030759041952,1393.7011553737505,1401.9992348433057,1410.2973143128606,1418.5953937824158,1426.893473251971,1435.191552721526,1443.4896321910812,1451.7877116606364,1460.0857911301914,1468.3838705997466,1476.6819500693016,1484.9800295388568,1493.278109008412,1501.576188477967,1509.8742679475222,1518.1723474170772,1526.4704268866324,1534.7685063561876,1543.0665858257425,1551.3646652952978,1559.662744764853,1567.960824234408,1576.2589037039631,1584.5569831735183,1592.8550626430733,2015-05-03,3,0.253,1343.3695489089382,5,2015,8.29807946955512,1285.826122269534,2014
2015-05-04,1362.4612212281565,1371.1687245754672,1379.8762279227778,1388.5837312700885,1397.2912346173991,1405.9987379647098,1414.7062413120204,1423.413744659331,1432.1212480066417,1440.8287513539526,1449.5362547012633,1458.243758048574,1466.9512613958846,1475.6587647431952,1484.3662680905059,1493.0737714378165,1501.7812747851272,1510.4887781324378,1519.1962814797484,1527.903784827059,1536.6112881743697,1545.3187915216804,1554.026294868991,1562.733798216302,1571.4413015636126,1580.1488049109232,1588.8563082582339,1597.5638116055445,1606.2713149528552,1614.9788183001658,2015-05-04,4,0.251,1355.1072064234152,5,2015,8.707503347310668,1292.8011944496711,2014
2015-05-05,1373.8738423015423,1382.6703761467618,1391.4669099919813,1400.2634438372008,1409.0599776824201,1417.8565115276397,1426.6530453728592,1435.4495792180787,1444.2461130632983,1453.0426469085176,1461.839180753737,1470.6357145989566,1479.4322484441761,1488.2287822893957,1497.025316134615,1505.8218499798345,1514.618383825054,1523.4149176702736,1532.211451515493,1541.0079853607124,1549.804519205932,1558.6010530511514,1567.397586896371,1576.1941207415903,1584.9906545868098,1593.7871884320293,1602.5837222772489,1611.3802561224684,1620.176789967688,1628.9733238129072,2015-05-05,5,0.249,1372.2133261575516,5,2015,8.79653384521948,1303.5015715397865,2014
2015-05-06,1394.2742796664243,1405.2215740102529,1416.1688683540817,1427.1161626979103,1438.0634570417392,1449.0107513855678,1459.9580457293966,1470.9053400732253,1481.852634417054,1492.7999287608827,1503.7472231047116,1514.6945174485402,1525.641811792369,1536.5891061361976,1547.5364004800265,1558.483694823855,1569.430989167684,1580.3782835115126,1591.3255778553412,1602.27287219917,1613.2201665429989,1624.1674608868275,1635.114755230656,1646.062049574485,1657.0093439183138,1667.9566382621424,1678.903932605971,1689.8512269497999,1700.7985212936287,1711.7458156374573,2015-05-06,6,0.248,1394.4803303968804,5,2015,10.947294343828727,1306.6959249157944,2014
2015-05-07,1410.3815524808153,1423.0316687539603,1435.681785027105,1448.3319013002497,1460.9820175733944,1473.6321338465393,1486.282250119684,1498.9323663928287,1511.5824826659737,1524.2325989391184,1536.882715212263,1549.5328314854078,1562.1829477585527,1574.8330640316974,1587.483180304842,1600.133296577987,1612.7834128511317,1625.4335291242764,1638.0836453974212,1650.733761670566,1663.3838779437108,1676.0339942168557,1688.6841104900004,1701.3342267631451,1713.9843430362898,1726.6344593094345,1739.2845755825795,1751.9346918557242,1764.584808128869,1777.2349244020138,2015-05-07,7,0.248,1394.4803303968804,5,2015,12.65011627314477,1309.1806222956573,2014
2015-05-08,1424.1076923992287,1437.4331691151233,1450.758645831018,1464.0841225469128,1477.4095992628074,1490.735075978702,1504.0605526945967,1517.3860294104913,1530.7115061263862,1544.0369828422808,1557.3624595581755,1570.6879362740701,1584.0134129899648,1597.3388897058594,1610.664366421754,1623.9898431376487,1637.3153198535435,1650.6407965694382,1663.9662732853328,1677.2917500012275,1690.6172267171223,1703.942703433017,1717.2681801489116,1730.5936568648062,1743.9191335807009,1757.2446102965955,1770.5700870124901,1783.8955637283848,1797.2210404442794,1810.5465171601743,2015-05-08,8,0.245,1406.5813217488926,5,2015,13.325476715894673,1317.5038786720713,2014
2015-05-09,1434.962291578488,1447.7356712143276,1460.5090508501673,1473.282430486007,1486.0558101218467,1498.8291897576864,1511.602569393526,1524.3759490293658,1537.1493286652053,1549.922708301045,1562.6960879368846,1575.4694675727244,1588.242847208564,1601.0162268444037,1613.7896064802435,1626.562986116083,1639.3363657519228,1652.1097453877624,1664.8831250236021,1677.656504659442,1690.4298842952815,1703.2032639311212,1715.9766435669608,1728.7500232028005,1741.5234028386403,1754.2967824744799,1767.0701621103196,1779.8435417461592,1792.616921381999,1805.3903010178387,2015-05-09,9,0.242,1420.8493472133462,5,2015,12.773379635839678,1332.7752544917705,2014
2015-05-10,1438.7372379119588,1449.6872184774372,1460.6371990429157,1471.587179608394,1482.5371601738725,1493.4871407393512,1504.4371213048296,1515.387101870308,1526.3370824357864,1537.2870630012649,1548.2370435667433,1559.1870241322217,1570.1370046977004,1581.0869852631788,1592.0369658286572,1602.9869463941357,1613.936926959614,1624.8869075250925,1635.836888090571,1646.7868686560496,1657.7368492215278,1668.6868297870064,1679.6368103524849,1690.5867909179633,1701.5367714834417,1712.4867520489202,1723.4367326143986,1734.386713179877,1745.3366937453557,1756.2866743108339,2015-05-10,10,0.242,1420.8493472133462,5,2015,10.949980565478455,1351.1373933881312,2014
2015-05-11,1439.79344640526,1448.452084236568,1457.110722067876,1465.769359899184,1474.427997730492,1483.0866355618,1491.7452733931082,1500.403911224416,1509.062549055724,1517.7211868870322,1526.3798247183402,1535.038462549648,1543.697100380956,1552.3557382122642,1561.0143760435722,1569.67301387488,1578.3316517061883,1586.9902895374962,1595.6489273688042,1604.3075652001123,1612.9662030314203,1621.6248408627282,1630.2834786940361,1638.9421165253443,1647.6007543566523,1656.2593921879602,1664.9180300192684,1673.5766678505763,1682.2353056818843,1690.8939435131924,2015-05-11,11,0.24100000000000002,1426.6582624332934,5,2015,8.658637831308015,1370.5243437547958,2014
2015-05-12,1447.5130904742368,1455.5600635108235,1463.6070365474102,1471.6540095839969,1479.7009826205833,1487.74795565717,1495.7949286937567,1503.8419017303431,1511.8888747669298,1519.9358478035165,1527.982820840103,1536.0297938766896,1544.0767669132763,1552.1237399498627,1560.1707129864494,1568.217686023036,1576.2646590596228,1584.3116320962092,1592.358605132796,1600.4055781693824,1608.452551205969,1616.4995242425557,1624.5464972791424,1632.5934703157288,1640.6404433523155,1648.6874163889022,1656.7343894254886,1664.7813624620753,1672.828335498662,1680.8753085352487,2015-05-12,12,0.238,1443.3774488925947,5,2015,8.046973036586607,1383.137306181544,2014
2015-05-13,1454.6094331122065,1462.6841661477242,1470.758899183242,1478.8336322187597,1486.9083652542772,1494.983098289795,1503.0578313253127,1511.1325643608304,1519.2072973963482,1527.282030431866,1535.3567634673836,1543.4314965029012,1551.506229538419,1559.5809625739366,1567.6556956094544,1575.730428644972,1583.8051616804898,1591.8798947160076,1599.954627751525,1608.0293607870428,1616.1040938225606,1624.1788268580783,1632.253559893596,1640.3282929291138,1648.4030259646315,1656.477759000149,1664.552492035667,1672.6272250711845,1680.7019581067023,1688.77669114222,2015-05-13,13,0.238,1443.3774488925947,5,2015,8.074733035517708,1390.0115688280648,2014
2015-05-14,1465.3273049834365,1473.6722533339814,1482.0172016845263,1490.3621500350714,1498.7070983856163,1507.0520467361614,1515.3969950867063,1523.7419434372514,1532.0868917877963,1540.4318401383412,1548.7767884888863,1557.1217368394312,1565.4666851899763,1573.8116335405211,1582.1565818910663,1590.5015302416111,1598.846478592156,1607.1914269427011,1615.536375293246,1623.8813236437911,1632.226271994336,1640.571220344881,1648.916168695426,1657.2611170459709,1665.606065396516,1673.951013747061,1682.295962097606,1690.6409104481509,1698.985858798696,1707.3308071492409,2015-05-14,14,0.236,1461.9394046747304,5,2015,8.344948350544982,1398.5677181790766,2014
2015-05-15,1471.594305394409,1479.5289294574886,1487.463553520568,1495.3981775836476,1503.332801646727,1511.2674257098065,1519.2020497728859,1527.1366738359654,1535.0712978990448,1543.0059219621244,1550.9405460252037,1558.8751700882833,1566.8097941513627,1574.7444182144422,1582.6790422775216,1590.6136663406012,1598.5482904036808,1606.4829144667601,1614.4175385298395,1622.352162592919,1630.2867866559986,1638.221410719078,1646.1560347821576,1654.090658845237,1662.0252829083165,1669.9599069713959,1677.8945310344754,1685.8291550975548,1693.7637791606344,1701.6984032237137,2015-05-15,15,0.236,1461.9394046747304,5,2015,7.934624063079473,1408.1173128897733,2014
2015-05-16,1476.0678763007409,1483.653391038211,1491.2389057756814,1498.8244205131514,1506.4099352506216,1513.9954499880919,1521.5809647255621,1529.1664794630321,1536.7519942005024,1544.3375089379726,1551.9230236754427,1559.508538412913,1567.0940531503832,1574.6795678878532,1582.2650826253234,1589.8505973627937,1597.4361121002637,1605.021626837734,1612.6071415752042,1620.1926563126744,1627.7781710501445,1635.3636857876147,1642.949200525085,1650.534715262555,1658.1202300000252,1665.7057447374955,1673.2912594749655,1680.8767742124357,1688.462288949906,1696.047803687376,2015-05-16,16,0.236,1461.9394046747304,5,2015,7.585514737470176,1415.3837584009796,2014
2015-05-17,1474.6714389983035,1480.440342357972,1486.2092457176407,1491.9781490773091,1497.7470524369778,1503.5159557966463,1509.284859156315,1515.0537625159834,1520.822665875652,1526.5915692353205,1532.3604725949892,1538.1293759546577,1543.8982793143264,1549.6671826739948,1555.4360860336635,1561.204989393332,1566.9738927530007,1572.742796112669,1578.5116994723378,1584.2806028320063,1590.049506191675,1595.8184095513434,1601.587312911012,1607.3562162706805,1613.1251196303492,1618.8940229900177,1624.6629263496864,1630.4318297093548,1636.2007330690235,1641.969636428692,2015-05-17,17,0.236,1461.9394046747304,5,2015,5.7689033596685695,1428.520212120955,2014
2015-05-18,1475.6145668147883,1480.0017089446517,1484.3888510745153,1488.7759932043787,1493.1631353342423,1497.5502774641056,1501.937419593969,1506.3245617238326,1510.711703853696,1515.0988459835594,1519.485988113423,1523.8731302432864,1528.26027237315,1532.6474145030134,1537.0345566328767,1541.4216987627403,1545.8088408926037,1550.1959830224673,1554.5831251523307,1558.970267282194,1563.3574094120577,1567.744551541921,1572.1316936717844,1576.518835801648,1580.9059779315114,1585.293120061375,1589.6802621912384,1594.0674043211018,1598.4545464509654,1602.8416885808288,2015-05-18,18,0.235,1471.9494715832293,5,2015,4.387142129863465,1440.5174297758806,2014
2015-05-19,1477.252887520983,1481.0291804455867,1484.8054733701906,1488.5817662947943,1492.358059219398,1496.1343521440017,1499.9106450686054,1503.686937993209,1507.463230917813,1511.2395238424167,1515.0158167670204,1518.792109691624,1522.5684026162278,1526.3446955408315,1530.1209884654354,1533.897281390039,1537.6735743146428,1541.4498672392465,1545.2261601638502,1549.0024530884539,1552.7787460130576,1556.5550389376615,1560.3313318622652,1564.1076247868689,1567.8839177114726,1571.6602106360763,1575.4365035606802,1579.212796485284,1582.9890894098876,1586.7653823344913,2015-05-19,19,0.235,1471.9494715832293,5,2015,3.776292924603731,1447.0425441241532,2014
2015-05-20,1474.8094906999434,1476.954505037479,1479.0995193750146,1481.24453371255,1483.3895480500858,1485.5345623876212,1487.679576725157,1489.8245910626924,1491.969605400228,1494.1146197377636,1496.2596340752991,1498.4046484128348,1500.5496627503703,1502.6946770879058,1504.8396914254415,1506.984705762977,1509.1297201005127,1511.2747344380482,1513.4197487755837,1515.5647631131194,1517.7097774506549,1519.8547917881906,1521.999806125726,1524.1448204632618,1526.2898348007973,1528.4348491383328,1530.5798634758685,1532.724877813404,1534.8698921509397,1537.0149064884752,2015-05-20,20,0.235,1471.9494715832293,5,2015,2.1450143375355775,1457.6493759996588,2014
2015-05-21,1476.2395002583007,1478.3845145958364,1480.529528933372,1482.6745432709074,1484.8195576084431,1486.9645719459786,1489.1095862835143,1491.2546006210498,1493.3996149585853,1495.544629296121,1497.6896436336565,1499.8346579711922,1501.9796723087277,1504.1246866462632,1506.2697009837989,1508.4147153213344,1510.55972965887,1512.7047439964056,1514.849758333941,1516.9947726714768,1519.1397870090123,1521.284801346548,1523.4298156840835,1525.574830021619,1527.7198443591546,1529.8648586966901,1532.0098730342258,1534.1548873717613,1536.2999017092968,1538.4449160468325,2015-05-21,21,0.235,1471.9494715832293,5,2015,2.145014337535576,1459.0793855580162,2014
2015-05-22,1476.2395002583003,1478.0270122062466,1479.814524154193,1481.6020361021394,1483.3895480500858,1485.177059998032,1486.9645719459784,1488.7520838939247,1490.539595841871,1492.3271077898173,1494.1146197377636,1495.90213168571,1497.6896436336563,1499.4771555816026,1501.264667529549,1503.0521794774952,1504.8396914254415,1506.6272033733878,1508.4147153213341,1510.2022272692805,1511.9897392172268,1513.777251165173,1515.5647631131194,1517.352275061066,1519.1397870090123,1520.9272989569586,1522.7148109049049,1524.5023228528512,1526.2898348007975,1528.0773467487438,2015-05-22,22,0.235,1471.9494715832293,5,2015,1.7875119479463248,1461.9394046747298,2014
2015-05-23,1469.089452466516,1469.089452466516,1469.0894524665161,1469.0894524665161,1469.0894524665161,1469.0894524665164,1469.0894524665164,1469.0894524665164,1469.0894524665166,1469.0894524665166,1469.0894524665168,1469.0894524665168,1469.0894524665168,1469.089452466517,1469.089452466517,1469.089452466517,1469.0894524665173,1469.0894524665173,1469.0894524665173,1469.0894524665175,1469.0894524665175,1469.0894524665177,1469.0894524665177,1469.0894524665177,1469.089452466518,1469.089452466518,1469.089452466518,1469.0894524665182,1469.0894524665182,1469.0894524665182,2015-05-23,23,0.236,1461.9394046747304,5,2015,8.270273950198116e-14,1469.0894524665152,2014
2015-05-24,1461.9394046747302,1460.1518927267841,1458.364380778838,1456.576868830892,1454.7893568829459,1453.0018449349996,1451.2143329870535,1449.4268210391074,1447.6393090911613,1445.8517971432152,1444.0642851952691,1442.2767732473228,1440.4892612993767,1438.7017493514306,1436.9142374034845,1435.1267254555385,1433.3392135075921,1431.551701559646,1429.7641896117,1427.976677663754,1426.1891657158078,1424.4016537678615,1422.6141418199154,1420.8266298719693,1419.0391179240232,1417.2516059760771,1415.4640940281308,1413.6765820801847,1411.8890701322387,1410.1015581842926,2015-05-24,24,0.236,1461.9394046747304,5,2015,-1.7875119479461303,1476.2395002582994,2014
2015-05-25,1448.4725536825108,1444.3387583683182,1440.2049630541253,1436.0711677399327,1431.9373724257398,1427.8035771115472,1423.6697817973543,1419.5359864831617,1415.4021911689688,1411.2683958547761,1407.1346005405833,1403.0008052263906,1398.8670099121978,1394.7332145980051,1390.5994192838125,1386.4656239696196,1382.331828655427,1378.1980333412341,1374.0642380270415,1369.9304427128486,1365.796647398656,1361.662852084463,1357.5290567702705,1353.3952614560776,1349.261466141885,1345.127670827692,1340.9938755134995,1336.8600801993066,1332.726284885114,1328.592489570921,2015-05-25,25,0.238,1443.3774488925947,5,2015,-4.1337953141927475,1481.5429161960528,2014
2015-05-26,1439.0874202175244,1433.6277709188935,1428.1681216202624,1422.7084723216315,1417.2488230230003,1411.7891737243692,1406.3295244257383,1400.8698751271072,1395.4102258284763,1389.9505765298452,1384.490927231214,1379.0312779325832,1373.571628633952,1368.1119793353212,1362.65233003669,1357.1926807380592,1351.733031439428,1346.273382140797,1340.813732842166,1335.354083543535,1329.894434244904,1324.4347849462729,1318.9751356476418,1313.5154863490109,1308.0558370503798,1302.5961877517489,1297.1365384531177,1291.6768891544866,1286.2172398558557,1280.7575905572246,2015-05-26,26,0.238,1443.3774488925947,5,2015,-5.459649298631026,1482.7646146065726,2014
2015-05-27,1424.2301834458847,1416.6737681382701,1409.1173528306554,1401.5609375230408,1394.004522215426,1386.4481069078115,1378.8916916001967,1371.3352762925822,1363.7788609849674,1356.2224456773529,1348.666030369738,1341.1096150621236,1333.5531997545088,1325.9967844468943,1318.4403691392795,1310.883953831665,1303.3275385240502,1295.7711232164356,1288.2147079088209,1280.6582926012063,1273.1018772935915,1265.545461985977,1257.9890466783622,1250.4326313707477,1242.876216063133,1235.3198007555184,1227.7633854479036,1220.206970140289,1212.6505548326745,1205.0941395250597,2015-05-27,27,0.24100000000000002,1426.6582624332934,5,2015,-7.556415307614654,1484.681505906802,2014
2015-05-28,1412.5237392842664,1403.8657173780286,1395.2076954717909,1386.5496735655533,1377.8916516593156,1369.2336297530778,1360.5756078468403,1351.9175859406025,1343.2595640343648,1334.601542128127,1325.9435202218892,1317.2854983156517,1308.627476409414,1299.9694545031762,1291.3114325969386,1282.6534106907009,1273.995388784463,1265.3373668782253,1256.6793449719876,1248.02132306575,1239.3633011595123,1230.7052792532745,1222.047257347037,1213.3892354407992,1204.7312135345614,1196.0731916283237,1187.415169722086,1178.7571478158484,1170.0991259096106,1161.4411040033729,2015-05-28,28,0.242,1420.8493472133462,5,2015,-8.658021906237707,1481.787914534168,2014
2015-05-29,1393.049303280365,1382.2894274155215,1371.529551550678,1360.7696756858345,1350.009799820991,1339.2499239561475,1328.490048091304,1317.7301722264606,1306.970296361617,1296.2104204967736,1285.4505446319304,1274.690668767087,1263.9307929022434,1253.1709170374,1242.4110411725565,1231.651165307713,1220.8912894428695,1210.131413578026,1199.3715377131825,1188.611661848339,1177.8517859834956,1167.0919101186523,1156.3320342538086,1145.5721583889654,1134.8122825241219,1124.0524066592784,1113.292530794435,1102.5326549295914,1091.772779064748,1081.0129031999045,2015-05-29,29,0.248,1394.4803303968804,5,2015,-10.75987586484346,1479.1283101991125,2014
2015-05-30,1357.8529307860335,1342.10939744944,1326.3658641128463,1310.6223307762527,1294.8787974396591,1279.1352641030655,1263.391730766472,1247.6481974298783,1231.9046640932847,1216.1611307566911,1200.4175974200975,1184.6740640835037,1168.9305307469103,1153.1869974103165,1137.443464073723,1121.6999307371293,1105.9563974005357,1090.212864063942,1074.4693307273485,1058.725797390755,1042.9822640541613,1027.2387307175677,1011.4951973809741,995.7516640443804,980.0081307077868,964.2645973711932,948.5210640345996,932.777530698006,917.0339973614123,901.2904640248187,2015-05-30,30,0.251,1355.1072064234152,5,2015,-15.743533336593618,1483.8011974787826,2014
2015-05-31,1337.9183008990328,1321.006545742522,1304.0947905860107,1287.1830354294998,1270.2712802729889,1253.3595251164777,1236.4477699599668,1219.5360148034556,1202.6242596469447,1185.7125044904337,1168.8007493339226,1151.8889941774116,1134.9772390209005,1118.0654838643895,1101.1537287078786,1084.2419735513677,1067.3302183948565,1050.4184632383453,1033.5067080818344,1016.5949529253235,999.6831977688124,982.7714426123014,965.8596874557904,948.9479322992794,932.0361771427683,915.1244219862573,898.2126668297462,881.3009116732353,864.3891565167243,847.4774013602132,2015-05-31,31,0.251,1355.1072064234152,5,2015,-16.91175515651102,1473.212342151121,2014
2015-06-01,1318.583056847319,1300.4092013915815,1282.2353459358437,1264.0614904801062,1245.8876350243686,1227.713779568631,1209.5399241128935,1191.3660686571557,1173.192213201418,1155.0183577456805,1136.8445022899427,1118.6706468342052,1100.4967913784676,1082.32293592273,1064.1490804669925,1045.9752250112547,1027.801369555517,1009.6275140997795,991.4536586440419,973.2798031883042,955.1059477325666,936.932092276829,918.7582368210914,900.5843813653537,882.4105259096161,864.2366704538786,846.0628149981409,827.8889595424032,809.7151040866656,791.5412486309281,2015-06-01,1,0.253,1343.3695489089382,6,2015,-18.173855455737623,1463.97390049322,2014
2015-06-02,1305.5568761121574,1288.1967974074723,1270.8367187027875,1253.4766399981024,1236.1165612934174,1218.7564825887323,1201.3964038840472,1184.0363251793622,1166.676246474677,1149.3161677699923,1131.9560890653072,1114.5960103606221,1097.235931655937,1079.875852951252,1062.5157742465672,1045.1556955418819,1027.795616837197,1010.435538132512,993.0754594278269,975.7153807231418,958.3553020184569,940.9952233137718,923.6351446090868,906.2750659044018,888.9149871997167,871.5549084950317,854.1948297903467,836.8347510856617,819.4746723809766,802.1145936762916,2015-06-02,2,0.254,1329.408434716993,6,2015,-17.36007870468503,1444.4375057496377,2014
2015-06-03,1291.6409763976822,1274.9004834654327,1258.1599905331832,1241.4194976009335,1224.6790046686842,1207.9385117364345,1191.198018804185,1174.4575258719356,1157.717032939686,1140.9765400074366,1124.2360470751871,1107.4955541429376,1090.7550612106882,1074.0145682784387,1057.2740753461892,1040.5335824139397,1023.7930894816902,1007.0525965494408,990.3121036171913,973.5716106849418,956.8311177526923,940.0906248204428,923.3501318881932,906.6096389559438,889.8691460236943,873.1286530914448,856.3881601591953,839.6476672269458,822.9071742946963,806.1666813624469,2015-06-03,3,0.257,1311.8985628037676,6,2015,-16.74049293224949,1425.564919855678,2014
2015-06-04,1281.8693671254632,1267.1870973975895,1252.5048276697157,1237.822557941842,1223.1402882139685,1208.4580184860947,1193.775748758221,1179.0934790303472,1164.4112093024737,1149.7289395746,1135.0466698467262,1120.3644001188525,1105.6821303909787,1090.9998606631052,1076.3175909352315,1061.6353212073577,1046.953051479484,1032.2707817516102,1017.5885120237367,1002.906242295863,988.2239725679892,973.5417028401155,958.8594331122418,944.1771633843682,929.4948936564945,914.8126239286207,900.1303542007471,885.4480844728733,870.7658147449997,856.083545017126,2015-06-04,4,0.259,1294.8178325852969,6,2015,-14.682269727873695,1399.3275249484527,2014
2015-06-05,1272.3984785013358,1259.3080349289335,1246.217591356531,1233.1271477841287,1220.0367042117264,1206.9462606393238,1193.8558170669214,1180.765373494519,1167.6749299221167,1154.584486349714,1141.4940427773117,1128.4035992049094,1115.313155632507,1102.2227120601046,1089.1322684877023,1076.0418249152997,1062.9513813428973,1049.860937770495,1036.7704941980926,1023.6800506256901,1010.5896070532876,997.4991634808853,984.4087199084829,971.3182763360805,958.2278327636781,945.1373891912756,932.0469456188732,918.9565020464709,905.8660584740685,892.775614901666,2015-06-05,5,0.261,1283.612977674794,6,2015,-13.09044357240241,1377.1220270805552,2014
2015-06-06,1250.260773328654,1234.9161946384033,1219.5716159481524,1204.2270372579014,1188.8824585676507,1173.5378798773997,1158.1933011871488,1142.848722496898,1127.504143806647,1112.1595651163962,1096.8149864261454,1081.4704077358945,1066.1258290456435,1050.7812503553928,1035.4366716651418,1020.0920929748909,1004.74751428464,989.4029355943892,974.0583569041382,958.7137782138874,943.3691995236366,928.0246208333856,912.6800421431348,897.3354634528839,881.990884762633,866.646306072382,851.3017273821312,835.9571486918803,820.6125700016294,805.2679913113785,2015-06-06,6,0.264,1263.2590535144004,6,2015,-15.344578690250884,1373.0174028506613,2014
2015-06-07,1240.1400599052156,1225.6146048439298,1211.0891497826437,1196.563694721358,1182.0382396600721,1167.512784598786,1152.9873295375003,1138.4618744762142,1123.9364194149284,1109.4109643536424,1094.8855092923566,1080.3600542310705,1065.8345991697847,1051.309144108499,1036.7836890472129,1022.2582339859271,1007.732778924641,993.2073238633552,978.6818688020693,964.1564137407834,949.6309586794974,935.1055036182115,920.5800485569257,906.0545934956397,891.5291384343539,877.0036833730678,862.478228311782,847.9527732504961,833.4273181892102,818.9018631279242,2015-06-07,7,0.264,1261.3267508483225,6,2015,-14.525455061285912,1356.343700395503,2014
2015-06-08,1228.1895199921262,1214.2438179945473,1200.2981159969684,1186.3524139993892,1172.4067120018103,1158.4610100042314,1144.5153080066525,1130.5696060090734,1116.6239040114945,1102.6782020139153,1088.7325000163364,1074.7867980187575,1060.8410960211786,1046.8953940235995,1032.9496920260206,1019.0039900284416,1005.0582880308625,991.1125860332836,977.1668840357047,963.2211820381256,949.2754800405467,935.3297780429677,921.3840760453887,907.4383740478097,893.4926720502308,879.5469700526518,865.6012680550728,851.6555660574938,837.7098640599148,823.7641620623358,2015-06-08,8,0.268,1243.4826837335181,6,2015,-13.94570199757898,1339.7551359727581,2014
2015-06-09,1212.76216588823,1198.76359166708,1184.7650174459297,1170.7664432247798,1156.7678690036296,1142.7692947824794,1128.7707205613294,1114.7721463401792,1100.7735721190293,1086.774997897879,1072.7764236767289,1058.777849455579,1044.7792752344287,1030.7807010132788,1016.7821267921286,1002.7835525709785,988.7849783498284,974.7864041286782,960.7878299075282,946.789255686378,932.790681465228,918.7921072440779,904.7935330229278,890.7949588017777,876.7963845806275,862.7978103594776,848.7992361383274,834.8006619171773,820.8020876960272,806.8035134748771,2015-06-09,9,0.27399999999999997,1222.8973782497094,6,2015,-13.998574221150099,1324.7507596574308,2014
2015-06-10,1193.9467392658053,1179.1166538048844,1164.2865683439636,1149.4564828830426,1134.6263974221217,1119.796311961201,1104.9662265002798,1090.136141039359,1075.3060555784382,1060.4759701175171,1045.6458846565963,1030.8157991956755,1015.9857137347545,1001.1556282738336,986.3255428129128,971.495457351992,956.6653718910709,941.8352864301501,927.0052009692292,912.1751155083082,897.3450300473874,882.5149445864665,867.6848591255456,852.8547736646246,838.0246882037038,823.1946027427829,808.3645172818619,793.5344318209411,778.7043463600202,763.8742608990992,2015-06-10,10,0.278,1203.472891160384,6,2015,-14.8300854609209,1312.5874229531726,2014
2015-06-11,1176.6842560777066,1161.214376986255,1145.7444978948033,1130.2746188033518,1114.8047397119003,1099.3348606204488,1083.8649815289973,1068.3951024375456,1052.925223346094,1037.4553442546426,1021.9854651631911,1006.5155860717396,991.0457069802881,975.5758278888364,960.1059487973849,944.6360697059333,929.1661906144818,913.6963115230303,898.2264324315788,882.7565533401272,867.2866742486757,851.8167951572241,836.3469160657726,820.8770369743211,805.4071578828696,789.937278791418,774.4673996999664,758.997520608515,743.5276415170633,728.0577624256118,2015-06-11,11,0.28400000000000003,1191.894671923461,6,2015,-15.46987909145154,1300.4432888093188,2014
2015-06-12,1159.0147167050875,1143.0473743082248,1127.0800319113623,1111.1126895144998,1095.1453471176371,1079.1780047207747,1063.2106623239122,1047.2433199270495,1031.275977530187,1015.3086351333245,999.3412927364619,983.3739503395993,967.4066079427369,951.4392655458743,935.4719231490117,919.5045807521492,903.5372383552867,887.5698959584241,871.6025535615615,855.6352111646991,839.6678687678365,823.7005263709739,807.7331839741114,791.7658415772488,775.7984991803862,759.8311567835237,743.8638143866611,727.8964719897987,711.9291295929361,695.9617871960735,2015-06-12,12,0.28600000000000003,1173.8551746179685,6,2015,-15.967342396862547,1286.7534558799878,2014
2015-06-13,1135.2630296924365,1117.3656814320682,1099.4683331717,1081.5709849113316,1063.6736366509635,1045.7762883905953,1027.878940130227,1009.9815918698587,992.0842436094904,974.1868953491222,956.289547088754,938.3921988283857,920.4948505680175,902.5975023076492,884.700154047281,866.8028057869128,848.9054575265445,831.0081092661762,813.110761005808,795.2134127454398,777.3160644850716,759.4187162247033,741.521367964335,723.6240197039668,705.7266714435985,687.8293231832303,669.9319749228621,652.0346266624938,634.1372784021256,616.2399301417573,2015-06-13,13,0.29,1151.0374086040008,6,2015,-17.897348260368243,1278.4418157753823,2014
2015-06-14,1119.8967029716955,1102.5228139583392,1085.1489249449828,1067.7750359316265,1050.4011469182701,1033.0272579049138,1015.6533688915574,998.2794798782011,980.9055908648447,963.5317018514884,946.157812838132,928.7839238247757,911.4100348114193,894.036145798063,876.6622567847066,859.2883677713503,841.914478757994,824.5405897446376,807.1667007312813,789.7928117179249,772.4189227045686,755.0450336912122,737.6711446778559,720.2972556644995,702.9233666511432,685.5494776377868,668.1755886244305,650.8016996110741,633.4278105977178,616.0539215843614,2015-06-14,14,0.297,1139.1056048868022,6,2015,-17.373889013356347,1258.8878150785463,2014
2015-06-15,1096.864017184491,1078.5521511303089,1060.2402850761266,1041.9284190219444,1023.6165529677622,1005.30468691358,986.9928208593979,968.6809548052156,950.3690887510334,932.0572226968511,913.7453566426689,895.4334905884867,877.1216245343045,858.8097584801222,840.4978924259401,822.1860263717579,803.8741603175756,785.5622942633934,767.2504282092111,748.938562155029,730.6266961008467,712.3148300466645,694.0029639924824,675.6910979383001,657.3792318841179,639.0673658299356,620.7554997757534,602.4436337215712,584.131767667389,565.8199016132068,2015-06-15,15,0.303,1108.517240366216,6,2015,-18.311866054182218,1243.3589456179488,2014
2015-06-16,1067.3904363891727,1046.8513924888987,1026.312348588625,1005.7733046883509,985.2342607880769,964.6952168878029,944.1561729875289,923.6171290872549,903.078085186981,882.5390412867071,861.999997386433,841.460953486159,820.921909585885,800.382865685611,779.8438217853371,759.3047778850631,738.7657339847892,718.2266900845152,697.6876461842412,677.1486022839672,656.6095583836933,636.0705144834193,615.5314705831453,594.9924266828714,574.4533827825974,553.9143388823234,533.3752949820495,512.8362510817755,492.29720718150145,471.75816328122755,2015-06-16,16,0.312,1078.9432923730446,6,2015,-20.539043900273974,1231.7027875913645,2014
2015-06-17,1030.6577542181449,1006.6017248589354,982.545695499726,958.4896661405164,934.4336367813071,910.3776074220975,886.3215780628881,862.2655487036786,838.2095193444691,814.1534899852597,790.0974606260502,766.0414312668407,741.9854019076313,717.9293725484217,693.8733431892123,669.8173138300028,645.7612844707934,621.7052551115839,597.6492257523744,573.5931963931649,549.5371670339555,525.481137674746,501.4251083155365,477.36907895632703,453.3130495971176,429.25702023790814,405.2009908786987,381.14496151948913,357.0889321602797,333.03290280107024,2015-06-17,17,0.317,1044.8197088133827,6,2015,-24.05602935920947,1223.1059890918207,2014
2015-06-18,993.7899222098778,966.8844743658982,939.9790265219186,913.0735786779392,886.1681308339596,859.26268298998,832.3572351460004,805.4517873020209,778.5463394580413,751.6408916140617,724.7354437700822,697.8299959261026,670.924548082123,644.0191002381436,617.113652394164,590.2082045501844,563.3027567062048,536.3973088622253,509.4918610182457,482.5864131742661,455.68096533028665,428.7755174863071,401.8700696423275,374.96462179834793,348.05917395436836,321.1537261103888,294.2482782664092,267.34283042242964,240.43738257845007,213.5319347344706,2015-06-18,18,0.325,1013.6035654391568,6,2015,-26.90544784397956,1209.0335049617142,2014
2015-06-19,966.2477716490891,938.7058868894726,911.164002129856,883.6221173702395,856.0802326106229,828.5383478510063,800.9964630913897,773.4545783317731,745.9126935721565,718.37080881254,690.8289240529234,663.2870392933069,635.7451545336903,608.2032697740736,580.6613850144571,553.1195002548405,525.577615495224,498.03573073560744,470.4938459759908,442.95196121637423,415.4100764567577,387.8681916971411,360.32630693752446,332.7844221779079,305.24253741829136,277.7006526586748,250.15876789905826,222.6168831394416,195.07499837982505,167.5331136202085,2015-06-19,19,0.331,998.8803543302868,6,2015,-27.541884759616575,1186.5828497260218,2014
2015-06-20,933.7073232921937,904.7279855854371,875.7486478786805,846.7693101719237,817.7899724651672,788.8106347584105,759.8312970516539,730.8519593448973,701.8726216381406,672.8932839313841,643.9139462246274,614.9346085178707,585.9552708111141,556.9759331043574,527.9965953976008,499.0172576908442,470.0379199840876,441.05858227733097,412.07924457057425,383.09990686381764,354.120569157061,325.1412314503044,296.1618937435477,267.1825560367911,238.20321833003447,209.22388062327786,180.24454291652125,151.26520520976453,122.28586750300792,93.3065297962512,2015-06-20,20,0.341,963.5029526256544,6,2015,-28.979337706756635,1165.5420249462468,2014
2015-06-21,908.0165967544137,879.8128059947971,851.6090152351806,823.4052244755638,795.2014337159471,766.9976429563305,738.7938521967139,710.5900614370972,682.3862706774805,654.1824799178639,625.9786891582473,597.7748983986306,569.571107639014,541.3673168793973,513.1635261197807,484.959735360164,456.7559446005474,428.5521538409307,400.3483630813141,372.1445723216974,343.9407815620808,315.7369908024641,287.5332000428475,259.3294092832308,231.1256185236142,202.9218277639976,174.7180370043809,146.5142462447643,118.3104554851476,90.10666472553089,2015-06-21,21,0.35100000000000003,937.5552046024188,6,2015,-28.20379075961665,1133.646922831347,2014
2015-06-22,882.3965211043826,854.8693086962186,827.3420962880546,799.8148838798907,772.2876714717268,744.7604590635627,717.2332466553987,689.7060342472348,662.1788218390709,634.6516094309069,607.1243970227429,579.597184614579,552.069972206415,524.542759798251,497.015547390087,469.4883349819231,441.9611225737591,414.4339101655952,386.9066977574312,359.37948534926727,331.85227294110325,304.32506053293935,276.7978481247753,249.27063571661142,221.7434233084474,194.2162109002834,166.68899849211948,139.16178608395546,111.63457367579156,84.10736126762754,2015-06-22,22,0.36200000000000004,910.2325169753236,6,2015,-27.527212408163965,1102.6142203696943,2014
2015-06-23,854.0414582773782,826.6000416914012,799.1586251054243,771.7172085194475,744.2757919334706,716.8343753474937,689.3929587615169,661.95154217554,634.5101255895631,607.0687090035863,579.6272924176093,552.1858758316324,524.7444592456555,497.3030426596787,469.8616260737018,442.42020948772483,414.97879290174797,387.5373763157711,360.09595972979423,332.65454314381736,305.2131265578405,277.7717099718635,250.33029338588665,222.88887679990978,195.4474602139329,168.00604362795605,140.56462704197918,113.12321045600231,85.68179387002533,58.24037728404846,2015-06-23,23,0.375,878.055569562776,6,2015,-27.441416585976885,1073.5727909651932,2014
2015-06-24,815.5597114145208,785.9662538037643,756.3727961930077,726.7793385822512,697.1858809714946,667.592423360738,637.9989657499816,608.405508139225,578.8120505284685,549.2185929177119,519.6251353069554,490.0316776961988,460.43822008544225,430.8447624746857,401.25130486392914,371.6578472531726,342.064389642416,312.47093203165946,282.8774744209029,253.28401681014645,223.6905591993899,194.09710158863334,164.50364397787678,134.91018636712022,105.31672875636366,75.7232711456071,46.12981353485054,16.536355924094096,-13.057101686662463,-42.65055929741902,2015-06-24,24,0.389,835.7046294672127,6,2015,-29.59345761075655,1052.3073723005732,2014
2015-06-25,783.8849797536125,753.3318864302862,722.7787931069599,692.2256997836337,661.6726064603074,631.1195131369811,600.5664198136549,570.0133264903285,539.4602331670022,508.90713984367596,478.3540465203497,447.8009531970233,417.24785987369705,386.6947665503708,356.1416732270445,325.58857990371826,295.035486580392,264.4823932570656,233.92929993373934,203.37620661041308,172.8231132870868,142.27001996376055,111.71692664043417,81.1638333171079,50.610739993781635,20.05764667045537,-10.495446652870896,-41.04853997619716,-71.60163329952343,-102.1547266228497,2015-06-25,25,0.397,818.7502437647497,6,2015,-30.553093323326287,1028.3097263402228,2014
2015-06-26,764.8280113341991,736.5006740124435,708.1733366906878,679.8459993689321,651.5186620471765,623.1913247254208,594.8639874036651,566.5366500819094,538.2093127601538,509.8819754383982,481.5546381166425,453.2273007948868,424.89996347313115,396.5726261513755,368.24528882961977,339.91795150786413,311.5906141861085,283.26327686435286,254.93593954259723,226.60860222084148,198.28126489908584,169.9539275773302,141.62659025557446,113.29925293381882,84.97191561206319,56.64457829030755,28.317240968551914,-0.010096353203834951,-28.33743367495947,-56.664770996715106,2015-06-26,26,0.40399999999999997,803.1604073504171,6,2015,-28.327337321755664,991.4467099082444,2014
2015-06-27,739.9586402950046,712.3036454036769,684.6486505123493,656.9936556210216,629.3386607296939,601.6836658383663,574.0286709470386,546.3736760557109,518.7186811643833,491.0636862730556,463.408691381728,435.75369649040033,408.0987015990727,380.4437067077449,352.7887118164173,325.13371692508963,297.478722033762,269.82372714243434,242.1687322511067,214.51373735977904,186.85874246845128,159.20374757712364,131.548752685796,103.89375779446834,76.2387629031407,48.58376801181305,20.928773120485403,-6.726221770842244,-34.38121666216989,-62.03621155349765,2015-06-27,27,0.41700000000000004,770.5917672993068,6,2015,-27.65499489132766,961.1985994256258,2014
2015-06-28,718.3182521778069,692.0417210608863,665.7651899439657,639.4886588270449,613.2121277101242,586.9355965932035,560.6590654762829,534.3825343593621,508.10600324244143,481.82947212552074,455.55294100860004,429.27640989167935,402.9998787747587,376.72334765783796,350.4468165409173,324.1702854239966,297.89375430707594,271.6172231901552,245.34069207323455,219.0641609563138,192.78762983939316,166.5110987224724,140.23456760555177,113.95803648863102,87.68150537171039,61.40497425478975,35.128443137869,8.851912020948362,-17.42461909597239,-43.701150212893026,2015-06-28,28,0.426,747.4755020986407,6,2015,-26.27653111692069,928.5305011131725,2014
2015-06-29,700.8841106539245,676.7641867718905,652.6442628898565,628.5243390078224,604.4044151257883,580.2844912437542,556.1645673617203,532.0446434796862,507.9247195976522,483.8047957156182,459.6848718335841,435.5649479515501,411.445024069516,387.325100187482,363.20517630544794,339.08525242341386,314.9653285413799,290.84540465934583,266.72548077731176,242.6055568952778,218.48563301324373,194.36570913120966,170.24578524917558,146.12586136714162,122.00593748510755,97.88601360307348,73.76608972103952,49.64616583900545,25.526241956971376,1.4063180749373032,2015-06-29,29,0.436,727.8085237313197,6,2015,-24.11992388203404,893.8435017101968,2014
2015-06-30,676.9724931490123,653.412376196102,629.8522592431916,606.2921422902813,582.7320253373709,559.1719083844607,535.6117914315503,512.05167447864,488.4915575257297,464.9314405728194,441.3713236199091,417.81120666699877,394.2510897140885,370.69097276117816,347.1308558082678,323.5707388553575,300.01062190244716,276.45050494953693,252.8903879966266,229.33027104371627,205.77015409080593,182.2100371378956,158.64992018498538,135.08980323207504,111.52968627916471,87.96956932625437,64.40945237334404,40.84933542043382,17.289218467523483,-6.2708984853868515,2015-06-30,30,0.45,694.9996530129279,6,2015,-23.560116952910313,865.4534287722947,2014
2015-07-01,650.179584065093,625.6265259406077,601.0734678161224,576.520409691637,551.9673515671518,527.4142934426666,502.86123531818123,478.30817719369594,453.75511906921065,429.20206094472536,404.64900282024007,380.0959446957548,355.5428865712695,330.98982844678426,306.4367703222989,281.88371219781357,257.33065407332833,232.7775959488431,208.22453782435775,183.6714796998724,159.11842157538717,134.56536345090194,110.0123053264166,85.45924720193125,60.906189077446015,36.35313095296078,11.800072828475436,-12.75298529600991,-37.30604342049514,-61.859101544980376,2015-07-01,1,0.457,675.9566186838749,7,2015,-24.55305812448529,846.6040490609753,2014
2015-07-02,624.5889234936112,599.6350182120804,574.6811129305495,549.7272076490187,524.7733023674879,499.819397085957,474.8654918044262,449.91158652289533,424.9576812413645,400.0037759598337,375.04987067830285,350.09596539677204,325.1420601152412,300.1881548337104,275.23424955217956,250.2803442706487,225.32643898911795,200.37253370758708,175.41862842605622,150.46472314452535,125.5108178629946,100.55691258146373,75.60300729993287,50.64910201840212,25.695196736871253,0.741291455340388,-24.212613826190363,-49.16651910772123,-74.1204243892521,-99.07432967078284,2015-07-02,2,0.467,650.8393401616545,7,2015,-24.95390528153083,824.2201657458578,2014
2015-07-03,604.145520595538,580.280718691286,556.4159167870341,532.5511148827823,508.68631297853034,484.8215110742784,460.95670917002656,437.09190726577464,413.2271053615227,389.3623034572708,365.4975015530189,341.632699648767,317.7678977445151,293.9030958402632,270.0382939360113,246.17349203175934,222.30869012750748,198.4438882232556,174.57908631900364,150.71428441475177,126.84948251049991,102.98468060624793,79.11987870199607,55.255076797744096,31.390274893492233,7.52547298924037,-16.339328915011606,-40.20413081926347,-64.06893272351545,-87.93373462776731,2015-07-03,3,0.473,629.5616925000942,7,2015,-23.864801904251905,795.0639358295532,2014
2015-07-04,585.0278882280306,562.0152201977936,539.0025521675567,515.9898841373197,492.97721610708277,469.9645480768458,446.9518800466089,423.9392120163719,400.92654398613496,377.913875955898,354.901207925661,331.8885398954241,308.87587186518715,285.8632038349502,262.8505358047132,239.8378677744763,216.82519974423928,193.81253171400238,170.79986368376535,147.78719565352844,124.77452762329153,101.76185959305451,78.7491915628176,55.73652353258058,32.72385550234367,9.711187472106758,-13.301480558130265,-36.314148588367175,-59.3268166186042,-82.33948464884111,2015-07-04,4,0.48100000000000004,612.908592254337,7,2015,-23.012668030236956,769.1292324699263,2014
2015-07-05,573.0715304840918,552.2168542362202,531.3621779883487,510.50750174047704,489.6528254926055,468.7981492447339,447.9434729968623,427.0887967489907,406.23412050111915,385.3794442532476,364.524768005376,343.6700917575044,322.8154155096328,301.96073926176126,281.10606301388964,260.2513867660181,239.3967105181465,218.54203427027494,197.68735802240337,176.8326817745318,155.97800552666013,135.12332927878856,114.268653030917,93.41397678304543,72.55930053517386,51.704624287302295,30.84994803943073,9.995271791559162,-10.859404456312404,-31.714080704184084,2015-07-05,5,0.486,603.3572279848385,7,2015,-20.85467624787158,739.9089404670644,2014
2015-07-06,565.0381205241514,547.1345729247748,529.2310253253983,511.32747772602175,493.4239301266452,475.5203825272686,457.6168349278921,439.71328732851555,421.809739729139,403.9061921297624,386.00264453038585,368.09909693100934,350.1955493316328,332.2920017322562,314.3884541328797,296.48490653350314,278.58135893412657,260.67781133475,242.77426373537344,224.87071613599693,206.96716853662036,189.06362093724385,171.1600733378673,153.25652573849072,135.35297813911416,117.44943053973759,99.54588294036103,81.64233534098446,63.738787741607894,45.83524014223144,2015-07-06,6,0.494,588.9430518538762,7,2015,-17.90354759937655,708.2665013191638,2014
2015-07-07,560.1004148238073,544.9177562863207,529.735097748834,514.5524392113473,499.36978067386065,484.187122136374,469.00446359888736,453.82180506140065,438.63914652391395,423.4564879864273,408.27382944894066,393.09117091145396,377.9085123739673,362.7258538364806,347.54319529899396,332.36053676150726,317.1778782240206,301.9952196865339,286.81256114904727,271.62990261156057,256.4472440740739,241.26458553658722,226.08192699910057,210.89926846161387,195.71660992412723,180.53395138664058,165.35129284915388,150.16863431166723,134.9859757741806,119.80331723669383,2015-07-07,7,0.5,584.250819377603,7,2015,-15.182658537486672,681.5616831237007,2014
2015-07-08,557.323099771703,545.0650427688294,532.8069857659557,520.5489287630819,508.29087176020823,496.03281475733456,483.7747577544609,471.5167007515872,459.25864374871355,447.0005867458398,434.74252974296616,422.48447274009243,410.22641573721876,397.9683587343451,385.7103017314714,373.45224472859775,361.194187725724,348.93613072285035,336.6780737199767,324.42001671710295,312.1619597142293,299.9039027113556,287.64584570848194,275.3877887056082,263.12973170273455,250.87167469986088,238.61361769698715,226.35556069411348,214.0975036912398,201.83944668836614,2015-07-08,8,0.503,574.6265703499812,7,2015,-12.258057002873686,655.3875557946925,2014
2015-07-09,551.2457879829747,540.6284857933679,530.0111836037612,519.3938814141545,508.77657922454773,498.159277034941,487.54197484533427,476.92467265572753,466.3073704661208,455.69006827651407,445.07276608690734,434.4554638973006,423.83816170769387,413.22085951808714,402.6035573284804,391.9862551388737,381.36895294926694,370.7516507596602,360.1343485700535,349.51704638044674,338.89974419084,328.2824420012333,317.66513981162655,307.0478376220198,296.4305354324131,285.81323324280635,275.1959310531996,264.5786288635929,253.96132667398615,243.34402448437942,2015-07-09,9,0.514,562.3570228690801,7,2015,-10.617302189606733,636.1842054998285,2014
2015-07-10,539.9510141314664,529.4563603296202,518.9617065277741,508.4670527259279,497.9723989240817,487.4777451222355,476.98309132038935,466.48843751854315,455.99378371669695,445.49912991485076,435.00447611300456,424.50982231115836,414.01516850931216,403.52051470746596,393.02586090561977,382.53120710377357,372.03655330192737,361.5418995000812,351.047245698235,340.55259189638883,330.05793809454264,319.56328429269644,309.06863049085024,298.57397668900404,288.07932288715784,277.58466908531165,267.09001528346545,256.59536148161925,246.10070767977305,235.60605387792685,2015-07-10,10,0.525,547.064120682243,7,2015,-10.494653801846193,623.908244546236,2014
2015-07-11,526.6921672050058,515.647664786666,504.60316236832637,493.55865994998663,482.5141575316469,471.46965511330717,460.42515269496744,449.38065027662776,438.336147858288,427.2916454399483,416.24714302160857,405.20264060326883,394.1581381849291,383.11363576658937,372.0691333482497,361.0246309299099,349.98012851157023,338.9356260932305,327.89112367489076,316.84662125655103,305.8021188382113,294.7576164198716,283.7131140015319,272.66861158319216,261.6241091648524,250.5796067465127,239.53510432817296,228.49060190983323,217.44609949149356,206.40159707315382,2015-07-11,11,0.531,535.4924250309305,7,2015,-11.044502418339723,615.0481865517236,2014
2015-07-12,512.9661842159212,501.37850068128273,489.79081714664426,478.20313361200573,466.6154500773672,455.0277665427287,443.4400830080902,431.85239947345167,420.2647159388132,408.6770324041747,397.0893488695362,385.50166533489767,373.9139818002592,362.32629826562066,350.73861473098214,339.15093119634366,327.56324766170513,315.9755641270666,304.38788059242813,292.8001970577896,281.2125135231511,269.6248299885126,258.0371464538741,246.4494629192356,234.86177938459707,223.27409584995854,211.68641231532007,200.09872878068154,188.51104524604307,176.92336171140454,2015-07-12,12,0.539,522.4844183176111,7,2015,-11.587683534638508,605.6676524930293,2014
2015-07-13,495.0963970457514,482.00976176041877,468.92312647508606,455.83649118975336,442.74985590442066,429.66322061908795,416.57658533375525,403.48995004842254,390.40331476308984,377.31667947775713,364.2300441924245,351.1434089070918,338.0567736217591,324.9701383364264,311.88350305109367,298.796867765761,285.7102324804283,272.6235971950956,259.5369619097629,246.4503266244302,233.3636913390975,220.27705605376485,207.19042076843215,194.10378548309944,181.01715019776674,167.93051491243403,154.84387962710133,141.75724434176863,128.67060905643598,115.58397377110327,2015-07-13,13,0.5489999999999999,505.82519068212736,7,2015,-13.086635285332695,599.789479328413,2014
2015-07-14,485.04672613687865,472.3762701305398,459.70581412420097,447.0353581178622,434.3649021115233,421.6944461051845,409.0239900988457,396.35353409250683,383.68307808616805,371.01262207982916,358.3421660734904,345.67171006715154,333.0012540608127,320.3307980544739,307.6603420481351,294.98988604179624,282.3194300354574,269.64897402911856,256.9785180227798,244.30806201644094,231.6376060101021,218.96715000376327,206.29669399742448,193.62623799108565,180.9557819847468,168.28532597840797,155.61486997206913,142.94441396573035,130.2739579593915,117.60350195305267,2015-07-14,14,0.551,502.2501032036642,7,2015,-12.670456006338826,586.4103741875892,2014
2015-07-15,476.9265082859918,465.16463769434597,453.40276710270007,441.64089651105417,429.87902591940826,418.1171553277624,406.3552847361165,394.59341414447067,382.83154355282477,371.06967296117887,359.307802369533,347.5459317778871,335.7840611862413,324.0221905945954,312.26032000294947,300.4984494113036,288.7365788196577,276.9747082280118,265.212837636366,253.45096704472007,241.68909645307417,229.92722586142833,218.16535526978242,206.40348467813658,194.64161408649068,182.87974349484477,171.11787290319893,159.35600231155303,147.59413171990718,135.83226112826128,2015-07-15,15,0.5579999999999999,492.3446537823716,7,2015,-11.76187059164588,571.0214730191589,2014
2015-07-16,469.73361195000314,459.0220128088909,448.3104136677787,437.5988145266664,426.88721538555416,416.1756162444419,405.46401710332964,394.75241796221735,384.0408188211051,373.3292196799929,362.6176205388806,351.9060213977683,341.1944222566561,330.48282311554385,319.77122397443156,309.05962483331933,298.3480256922071,287.6364265510948,276.9248274099826,266.2132282688703,255.50162912775806,244.79002998664578,234.07843084553355,223.36683170442126,212.65523256330903,201.9436334221968,191.2320342810845,180.52043513997228,169.80883599886,159.09723685774776,2015-07-16,16,0.5690000000000001,482.5991479022167,7,2015,-10.711599141112256,555.4264050789012,2014
2015-07-17,464.38147174162145,454.8216033219246,445.2617349022277,435.7018664825309,426.141998062834,416.58212964313714,407.0222612234403,397.46239280374346,387.9025243840466,378.3426559643497,368.7827875446529,359.222919124956,349.66305070525914,340.1031822855623,330.54331386586546,320.9834454461686,311.4235770264717,301.8637086067749,292.303840187078,282.74397176738114,273.1841033476843,263.62423492798746,254.06436650829062,244.50449808859372,234.94462966889688,225.38476124920004,215.82489282950314,206.2650244098063,196.70515599010946,187.14528757041262,2015-07-17,17,0.5730000000000001,477.35067902394087,7,2015,-9.559868419696857,540.8604190991963,2014
2015-07-18,457.17843803320983,448.3224682688433,439.4664985044768,430.61052874011034,421.75455897574386,412.8985892113774,404.0426194470109,395.18664968264443,386.33067991827795,377.4747101539115,368.61874038954494,359.76277062517846,350.906800860812,342.05083109644545,333.194861332079,324.3388915677125,315.482921803346,306.62695203897954,297.77098227461306,288.9150125102466,280.0590427458801,271.20307298151357,262.3471032171471,253.49113345278062,244.63516368841414,235.77919392404766,226.92322415968118,218.0672543953147,209.21128463094817,200.3553148665817,2015-07-18,18,0.588,465.36202672279717,7,2015,-8.855969764366487,528.0261961481417,2014
2015-07-19,450.74137441780186,442.5460865522299,434.35079868665787,426.1555108210859,417.9602229555139,409.76493508994196,401.56964722437,393.374359358798,385.17907149322605,376.983783627654,368.78849576208205,360.5932078965101,352.3979200309381,344.20263216536614,336.0073442997941,327.8120564342222,319.6167685686502,311.4214807030782,303.22619283750623,295.03090497193426,286.8356171063623,278.64032924079027,270.44504137521835,262.2497535096463,254.05446564407436,245.85917777850239,237.66388991293041,229.46860204735844,221.27331418178642,213.07802631621445,2015-07-19,19,0.589,458.9258798435102,7,2015,-8.195287865571979,516.3036773423777,2014
2015-07-20,444.01961701182256,435.95791618275683,427.8962153536911,419.8345145246253,411.7728136955596,403.71111286649386,395.6494120374281,387.58771120836235,379.5260103792966,371.46430955023084,363.4026087211651,355.3409078920994,347.2792070630336,339.21750623396787,331.15580540490214,323.09410457583635,315.0324037467706,306.9707029177049,298.9090020886391,290.8473012595733,282.78560043050766,274.7238996014419,266.6621987723761,258.6004979433104,250.53879711424463,242.4770962851789,234.41539545611312,226.3536946270474,218.29199379798166,210.23029296891588,2015-07-20,20,0.595,455.0324518180975,7,2015,-8.061700829065748,508.51322364434856,2014
2015-07-21,441.17890713071125,434.20855337866084,427.2381996266104,420.26784587456,413.29749212250954,406.3271383704591,399.3567846184087,392.3864308663583,385.4160771143079,378.44572336225747,371.47536961020705,364.50501585815664,357.5346621061062,350.5643083540558,343.5939546020054,336.623600849955,329.65324709790457,322.68289334585415,315.71253959380374,308.7421858417533,301.7718320897029,294.8014783376525,287.8311245856021,280.86077083355167,273.89041708150125,266.92006332945084,259.9497095774004,252.97935582535,246.0090020732996,239.03864832124918,2015-07-21,21,0.597,451.8074158794568,7,2015,-6.970353752050416,496.94173714711457,2014
2015-07-22,438.50924686427203,432.4936025399804,426.4779582156887,420.46231389139706,414.4466695671054,408.43102524281375,402.4153809185221,396.3997365942304,390.3840922699387,384.36844794564706,378.3528036213554,372.33715929706375,366.3215149727721,360.30587064848044,354.2902263241888,348.2745819998971,342.25893767560547,336.2432933513138,330.22764902702215,324.2120047027305,318.19636037843884,312.1807160541472,306.16507172985547,300.1494274055638,294.13378308127216,288.1181387569805,282.10249443268884,276.08685010839713,270.0712057841055,264.0555614598138,2015-07-22,22,0.601,446.92516794005036,7,2015,-6.015644324291662,486.63440145860534,2014
2015-07-23,434.51688766657173,429.00438372650996,423.4918797864481,417.97937584638635,412.4668719063245,406.95436796626274,401.44186402620096,395.9293600861391,390.41685614607735,384.9043522060156,379.39184826595374,373.87934432589196,368.3668403858302,362.85433644576835,357.3418325057066,351.8293285656448,346.31682462558297,340.80432068552113,335.29181674545936,329.7793128053976,324.26680886533575,318.75430492527397,313.2418009852122,307.72929704515036,302.2167931050886,296.7042891650268,291.191785224965,285.6792812849032,280.1667773448414,274.6542734047796,2015-07-23,23,0.609,440.5647027598797,7,2015,-5.512503940061798,478.6169191870661,2014
2015-07-24,428.78242384961453,423.4936939186934,418.2049639877723,412.9162340568512,407.62750412593005,402.3387741950089,397.0500442640878,391.76131433316664,386.4725844022455,381.18385447132437,375.89512454040323,370.6063946094821,365.31766467856096,360.0289347476398,354.7402048167187,349.45147488579755,344.1627449548764,338.8740150239553,333.58528509303414,328.296555162113,323.0078252311919,317.71909530027074,312.4303653693496,307.14163543842847,301.85290550750733,296.5641755765862,291.27544564566506,285.9867157147439,280.6979857838228,275.40925585290165,2015-07-24,24,0.614,430.9437600493022,7,2015,-5.288729930921133,471.0922632969836,2014
2015-07-25,419.8547963610989,413.85617897292474,407.8575615847505,401.8589441965763,395.8603268084021,389.86170942022784,383.86309203205366,377.8644746438794,371.86585725570524,365.867239867531,359.86862247935676,353.8700050911826,347.8713877030084,341.87277031483416,335.8741529266599,329.8755355384857,323.8769181503115,317.8783007621373,311.8796833739631,305.88106598578884,299.88244859761465,293.8838312094404,287.88521382126623,281.886596433092,275.88797904491776,269.8893616567436,263.8907442685694,257.89212688039515,251.89350949222091,245.8948921040467,2015-07-25,25,0.627,422.74548310627335,7,2015,-5.998617388174215,467.84373546649266,2014
2015-07-26,414.25689786953524,408.1509628848,402.0450279000648,395.9390929153295,389.8331579305943,383.72722294585907,377.6212879611238,371.5153529763886,365.4094179916534,359.30348300691816,353.1975480221829,347.0916130374477,340.9856780527125,334.87974306797724,328.773808083242,322.6678730985068,316.56193811377153,310.4560031290363,304.3500681443011,298.2441331595659,292.1381981748306,286.03226319009536,279.92632820536016,273.82039322062496,267.7144582358897,261.60852325115445,255.50258826641925,249.39665328168402,243.2907182969488,237.18478331221357,2015-07-26,26,0.627,422.74548310627335,7,2015,-6.10593498473523,463.10437774741706,2014
2015-07-27,412.15901547239986,406.6817159138031,401.2044163552063,395.7271167966095,390.2498172380127,384.77251767941596,379.2952181208192,373.81791856222236,368.3406190036256,362.86331944502876,357.386019886432,351.9087203278352,346.43142076923846,340.95412121064163,335.47682165204486,329.99952209344804,324.52222253485127,319.0449229762545,313.5676234176577,308.0903238590609,302.61302430046413,297.1357247418673,291.65842518327054,286.18112562467377,280.703826066077,275.2265265074802,269.7492269488834,264.2719273902866,258.7946278316898,253.31732827309304,2015-07-27,27,0.627,422.74548310627335,7,2015,-5.477299558596788,455.9774119411742,2014
2015-07-28,406.8956055182474,401.54011672903886,396.18462793983036,390.8291391506218,385.4736503614133,380.1181615722048,374.76267278299633,369.4071839937878,364.0516952045793,358.6962064153708,353.34071762616225,347.98522883695375,342.62974004774526,337.27425125853676,331.9187624693282,326.5632736801197,321.20778489091117,315.8522961017027,310.4968073124942,305.1413185232857,299.78582973407714,294.43034094486865,289.0748521556601,283.7193633664516,278.3638745772431,273.0083857880346,267.6528969988261,262.2974082096176,256.9419194204091,251.58643063120056,2015-07-28,28,0.636,411.5528446575176,7,2015,-5.355488789208511,449.73951583191547,2014
2015-07-29,401.7985125035411,396.65029422813564,391.50207595273025,386.3538576773248,381.2056394019194,376.057421126514,370.9092028511086,365.7609845757032,360.6127663002978,355.4645480248924,350.31632974948695,345.16811147408157,340.0198931986762,334.87167492327075,329.72345664786536,324.5752383724599,319.42702009705454,314.27880182164915,309.1305835462437,303.9823652708383,298.8341469954329,293.6859287200275,288.5377104446221,283.3894921692167,278.24127389381124,273.09305561840586,267.9448373430005,262.79661906759503,257.64840079218965,252.50018251678424,2015-07-29,29,0.6409999999999999,405.4419424506187,7,2015,-5.148218275405408,442.9842587067843,2014
2015-07-30,398.50117361468136,393.87053661978456,389.2398996248878,384.609262629991,379.97862563509426,375.3479886401975,370.7173516453007,366.08671465040396,361.4560776555072,356.8254406606104,352.19480366571366,347.56416667081686,342.9335296759201,338.3028926810233,333.67225568612656,329.0416186912298,324.410981696333,319.78034470143626,315.1497077065395,310.5190707116427,305.8884337167459,301.25779672184916,296.6271597269524,291.9965227320556,287.36588573715886,282.7352487422621,278.1046117473653,273.47397475246856,268.8433377575718,264.212700762675,2015-07-30,30,0.6459999999999999,402.9910546836203,7,2015,-4.63063699489677,435.5462695738555,2014
2015-07-31,394.50696130063864,389.99741190029846,385.4878624999583,380.9783130996181,376.46876369927793,371.95921429893775,367.4496648985976,362.9401154982574,358.4305660979172,353.92101669757704,349.41146729723687,344.9019178968967,340.3923684965565,335.88281909621634,331.37326969587616,326.863720295536,322.3541708951958,317.84462149485563,313.33507209451545,308.8255226941753,304.3159732938351,299.8064238934949,295.29687449315475,290.78732509281457,286.2777756924744,281.7682262921342,277.25867689179404,272.74912749145386,268.2395780911137,263.7300286907735,2015-07-31,31,0.654,399.5938212034184,7,2015,-4.509549400340177,430.58335650336005,2014
2015-08-01,388.90864185941416,383.9869278266116,379.06521379380894,374.14349976100635,369.2217857282037,364.30007169540113,359.3783576625985,354.45664362979585,349.53492959699327,344.6132155641906,339.691501531388,334.7697874985854,329.8480734657828,324.9263594329802,320.00464540017754,315.08293136737495,310.1612173345723,305.2395033017697,300.3177892689671,295.3960752361645,290.47436120336187,285.5526471705592,280.63093313775664,275.709219104954,270.78750507215136,265.8657910393488,260.9440770065462,256.02236297374355,251.1006489409409,246.1789349081383,2015-08-01,1,0.657,395.097856726651,8,2015,-4.921714032802616,428.2823541218351,2014
2015-08-02,382.6331310466822,377.4191328062204,372.20513456575856,366.99113632529674,361.7771380848349,356.56313984437304,351.3491416039112,346.1351433634494,340.9211451229876,335.70714688252576,330.49314864206394,325.2791504016021,320.0651521611403,314.8511539206785,309.63715568021667,304.42315743975485,299.209159199293,293.9951609588312,288.7811627183694,283.56716447790757,278.35316623744575,273.13916799698393,267.9251697565221,262.7111715160603,257.49717327559847,252.28317503513665,247.06917679467483,241.855178554213,236.6411803137512,231.42718207328937,2015-08-02,2,0.6659999999999999,387.00086523160724,8,2015,-5.213998240461821,424.34511697037675,2014
2015-08-03,378.96394647299934,374.26549856858094,369.56705066416254,364.86860275974414,360.1701548553258,355.4717069509074,350.773259046489,346.0748111420706,341.3763632376522,336.67791533323384,331.97946742881544,327.28101952439704,322.58257161997864,317.88412371556024,313.1856758111419,308.4872279067235,303.7887800023051,299.0903320978867,294.3918841934683,289.69343628904994,284.9949883846315,280.29654048021314,275.59809257579474,270.89964467137634,266.201196766958,261.50274886253953,256.8043009581212,252.1058530537028,247.40740514928441,242.708957244866,2015-08-03,3,0.6709999999999999,382.62578168127664,8,2015,-4.69844790441839,416.55152970834644,2014
2015-08-04,374.32619465640863,369.6203624468073,364.9145302372059,360.20869802760456,355.5028658180032,350.7970336084019,346.0912013988005,341.38536918919914,336.67953697959774,331.9737047699964,327.26787256039506,322.5620403507937,317.8562081411923,313.150375931591,308.4445437219896,303.73871151238825,299.0328793027869,294.32704709318557,289.6212148835842,284.91538267398283,280.20955046438144,275.5037182547801,270.79788604517876,266.0920538355774,261.386221625976,256.6803894163746,251.9745572067733,247.26872499717194,242.56289278757058,237.85706057796924,2015-08-04,4,0.6779999999999999,379.29534248650543,8,2015,-4.705832209601359,411.9728523332195,2014
2015-08-05,371.6776993470058,367.24355045162923,362.8094015562526,358.3752526608761,353.94110376549946,349.50695487012285,345.0728059747463,340.6386570793697,336.20450818399314,331.77035928861653,327.33621039324,322.9020614978634,318.46791260248676,314.0337637071102,309.5996148117336,305.16546591635705,300.73131702098044,296.2971681256039,291.8630192302273,287.42887033485067,282.9947214394741,278.5605725440975,274.1264236487209,269.69227475334435,265.2581258579678,260.8239769625912,256.3898280672146,251.95567917183803,247.52153027646142,243.08738138108484,2015-08-05,5,0.6779999999999999,379.29534248650543,8,2015,-4.434148895376585,407.1508905100185,2014
2015-08-06,368.3701678972418,364.1644043397288,359.9586407822157,355.7528772247027,351.5471136671896,347.34135010967657,343.1355865521635,338.9298229946504,334.7240594371374,330.5182958796243,326.3125323221112,322.1067687645982,317.9010052070852,313.6952416495721,309.489478092059,305.283714534546,301.0779509770329,296.87218741951983,292.6664238620068,288.4606603044938,284.2548967469807,280.0491331894676,275.8433696319546,271.6376060744415,267.43184251692844,263.2260789594154,259.0203154019024,254.8145518443893,250.60878828687623,246.40302472936318,2015-08-06,6,0.6829999999999999,373.44354507509377,8,2015,-4.205763557513056,402.01627635734627,2014
2015-08-07,362.29509220541325,357.8502893979401,353.40548659046704,348.9606837829939,344.5158809755208,340.0710781680477,335.6262753605746,331.18147255310146,326.7366697456284,322.29186693815524,317.84706413068216,313.402261323209,308.95745851573594,304.5126557082628,300.0678529007897,295.6230500933166,291.17824728584344,286.73344447837036,282.2886416708973,277.84383886342414,273.399036055951,268.9542332484779,264.50943044100484,260.0646276335317,255.6198248260586,251.17502201858548,246.73021921111237,242.28541640363926,237.84061359616615,233.39581078869304,2015-08-07,7,0.6910000000000001,363.761390359501,8,2015,-4.444802807473111,397.85351466519813,2014
2015-08-08,359.4120932869587,355.3657002629844,351.3193072390101,347.2729142150357,343.2265211910614,339.1801281670871,335.1337351431128,331.0873421191385,327.0409490951642,322.9945560711899,318.94816304721553,314.9017700232412,310.8553769992669,306.8089839752926,302.7625909513183,298.716197927344,294.6698049033697,290.62341187939535,286.57701885542104,282.53062583144674,278.48423280747244,274.43783978349813,270.39144675952383,266.3450537355495,262.29866071157517,258.2522676876009,254.20587466362656,250.15948163965226,246.11308861567795,242.06669559170365,2015-08-08,8,0.6910000000000001,363.761390359501,8,2015,-4.0463930239743116,391.78323747875316,2014
2015-08-09,355.2952572753278,351.18965748971965,347.0840577041115,342.97845791850335,338.8728581328952,334.7672583472871,330.66165856167896,326.5560587760708,322.45045899046266,318.3448592048545,314.2392594192464,310.1336596336382,306.0280598480301,301.922460062422,297.8168602768138,293.7112604912057,289.60566070559753,285.50006091998944,281.3944611343813,277.28886134877314,273.183261563165,269.07766177755684,264.97206199194875,260.8664622063406,256.76086242073245,252.6552626351243,248.54966284951618,244.44406306390803,240.3384632782999,236.23286349269176,2015-08-09,9,0.6960000000000001,359.8408024759382,8,2015,-4.105599785608138,388.1400555601929,2014
2015-08-10,352.179739296141,348.17173771840515,344.1637361406693,340.15573456293345,336.14773298519765,332.1397314074618,328.13172982972594,324.1237282519901,320.11572667425423,316.1077250965184,312.0997235187825,308.09172194104667,304.0837203633108,300.07571878557496,296.06771720783917,292.0597156301033,288.05171405236746,284.0437124746316,280.03571089689575,276.02770931915995,272.0197077414241,268.01170616368825,264.0037045859524,259.99570300821654,255.98770143048068,251.97969985274483,247.97169827500898,243.96369669727315,239.9556951195373,235.94769354180144,2015-08-10,10,0.7020000000000001,358.0844060065464,8,2015,-4.008001577735847,384.2437519180278,2014
2015-08-11,351.1428010441569,347.6330983491378,344.1233956541187,340.6136929590997,337.1039902640806,333.5942875690615,330.08458487404243,326.57488217902335,323.0651794840043,319.55547678898523,316.04577409396614,312.53607139894706,309.02636870392803,305.51666600890894,302.00696331388986,298.49726061887077,294.9875579238517,291.47785522883265,287.96815253381357,284.4584498387945,280.9487471437754,277.43904444875636,273.9293417537373,270.4196390587182,266.9099363636991,263.40023366868,259.890530973661,256.3808282786419,252.8711255836228,249.36142288860376,2015-08-11,11,0.7020000000000001,358.0844060065464,8,2015,-3.5097026950190737,379.2204226043095,2014
2015-08-12,348.35540522777325,345.2051739835743,342.0549427393753,338.90471149517634,335.75448025097734,332.60424900677833,329.4540177625794,326.3037865183804,323.15355527418143,320.0033240299824,316.8530927857835,313.70286154158447,310.55263029738546,307.4023990531865,304.2521678089875,301.1019365647885,297.95170532058955,294.80147407639055,291.6512428321916,288.5010115879926,285.35078034379364,282.20054909959464,279.05031785539563,275.9000866111967,272.7498553669977,269.59962412279873,266.4493928785997,263.2991616344008,260.14893039020177,256.99869914600276,2015-08-12,12,0.71,349.71837114885767,8,2015,-3.150231244198982,373.5572551813651,2014
2015-08-13,347.2853778547344,344.7149674074984,342.14455696026243,339.57414651302645,337.00373606579046,334.4333256185545,331.8629151713185,329.2925047240825,326.7220942768465,324.15168382961053,321.58127338237455,319.01086293513856,316.4404524879026,313.8700420406666,311.2996315934306,308.7292211461946,306.15881069895863,303.58840025172265,301.01798980448666,298.4475793572507,295.8771689100147,293.3067584627787,290.7363480155427,288.16593756830673,285.59552712107075,283.02511667383476,280.4547062265988,277.8842957793628,275.3138853321268,272.7434748848908,2015-08-13,13,0.71,349.71837114885767,8,2015,-2.570410447235986,367.8486614326223,2014
2015-08-14,342.48192423176096,339.3980143999564,336.31410456815183,333.23019473634724,330.14628490454265,327.06237507273806,323.9784652409335,320.89455540912894,317.81064557732435,314.72673574551976,311.64282591371517,308.5589160819106,305.47500625010605,302.39109641830146,299.30718658649687,296.2232767546923,293.1393669228877,290.0554570910831,286.97154725927857,283.887637427474,280.8037275956694,277.7198177638648,274.63590793206026,271.5519981002557,268.4680882684511,265.3841784366465,262.3002686048419,259.2163587730373,256.1324489412327,253.0485391094282,2015-08-14,14,0.718,344.51519776660774,8,2015,-3.0839098318045797,367.1532028861976,2014
2015-08-15,337.4704923965077,334.00592827062576,330.5413641447438,327.07680001886183,323.61223589297987,320.1476717670979,316.68310764121594,313.218543515334,309.75397938945196,306.28941526357,302.82485113768803,299.36028701180607,295.8957228859241,292.43115876004214,288.9665946341602,285.5020305082782,282.03746638239625,278.5729022565143,275.1083381306323,271.6437740047503,268.1792098788684,264.71464575298637,261.2500816271044,257.78551750122244,254.32095337534048,250.85638924945852,247.39182512357655,243.9272609976946,240.4626968718126,236.99813274593063,2015-08-15,15,0.728,339.3396877468948,8,2015,-3.464564125881969,365.1870054035635,2014
2015-08-16,330.5001375869068,326.2606352827186,322.02113297853043,317.78163067434224,313.54212837015405,309.3026260659658,305.0631237617776,300.8236214575894,296.5841191534012,292.344616849213,288.1051145450248,283.86561224083664,279.6261099366484,275.3866076324602,271.147105328272,266.9076030240838,262.6681007198956,258.42859841570737,254.18909611151918,249.94959380733098,245.7100915031428,241.47058919895457,237.23108689476638,232.99158459057816,228.75208228638996,224.51257998220177,220.27307767801355,216.03357537382536,211.79407306963714,207.55457076544894,2015-08-16,16,0.738,332.7465878013071,8,2015,-4.239502304188203,364.4161560204125,2014
2015-08-17,325.1578845945371,320.58085105445997,316.00381751438283,311.42678397430575,306.8497504342286,302.2727168941515,297.69568335407433,293.1186498139972,288.5416162739201,283.964582733843,279.38754919376584,274.81051565368875,270.2334821136116,265.6564485735345,261.07941503345734,256.5023814933802,251.9253479533031,247.34831441322598,242.77128087314884,238.1942473330717,233.6172137929946,229.04018025291748,224.46314671284034,219.88611317276323,215.3090796326861,210.73204609260895,206.15501255253184,201.5779790124547,197.0009454723776,192.42391193230046,2015-08-17,17,0.747,330.1395096648478,8,2015,-4.577033540077125,361.7741529151541,2014
2015-08-18,321.1723603444423,316.7616902107037,312.3510200769651,307.94034994322647,303.5296798094879,299.1190096757493,294.70833954201066,290.29766940827204,285.8869992745334,281.47632914079486,277.06565900705624,272.6549888733176,268.244318739579,263.8336486058404,259.4229784721018,255.0123083383632,250.60163820462458,246.19096807088596,241.78029793714734,237.36962780340875,232.95895766967016,228.54828753593154,224.13761740219292,219.72694726845432,215.3162771347157,210.90560700097708,206.4949368672385,202.08426673349987,197.67359659976128,193.26292646602266,2015-08-18,18,0.748,325.5275608784038,8,2015,-4.410670133738608,356.45772141435117,2014
2015-08-19,312.2267005418042,306.8201773369122,301.41365413202027,296.0071309271283,290.60060772223636,285.1940845173444,279.78756131245245,274.38103810756047,268.97451490266855,263.56799169777656,258.16146849288464,252.75494528799265,247.34842208310073,241.94189887820875,236.53537567331682,231.12885246842484,225.72232926353288,220.31580605864093,214.90928285374898,209.50275964885702,204.09623644396507,198.68971323907311,193.28319003418116,187.8766668292892,182.47014362439725,177.0636204195053,171.65709721461334,166.2505740097214,160.84405080482944,155.43752759993748,2015-08-19,19,0.7659999999999999,314.98263852268406,8,2015,-5.406523204891955,355.4788861809398,2014
2015-08-20,304.40893197435906,298.528175774789,292.64741957521903,286.766663375649,280.88590717607894,275.0051509765089,269.12439477693886,263.24363857736887,257.3628823777988,251.48212617822878,245.60136997865874,239.7206137790887,233.83985757951868,227.95910137994863,222.07834518037862,216.19758898080858,210.31683278123853,204.43607658166852,198.55532038209847,192.67456418252843,186.7938079829584,180.91305178338837,175.03229558381832,169.1515393842483,163.27078318467827,157.39002698510822,151.5092707855382,145.62851458596816,139.74775838639812,133.8670021868281,2015-08-20,20,0.773,308.2725150277288,8,2015,-5.880756199570034,351.45498157091936,2014
2015-08-21,300.2820685461112,294.6639780158677,289.04588748562423,283.42779695538076,277.8097064251373,272.19161589489374,266.5735253646503,260.9554348344068,255.33734430416334,249.71925377391986,244.10116324367638,238.4830727134329,232.86498218318943,227.24689165294592,221.62880112270244,216.010710592459,210.39262006221549,204.774529531972,199.15643900172853,193.53834847148505,187.92025794124157,182.3021674109981,176.68407688075462,171.06598635051114,165.44789582026766,159.82980529002418,154.2117147597807,148.59362422953723,142.97553369929375,137.35744316905027,2015-08-21,21,0.773,308.2725150277288,8,2015,-5.61809053024348,345.226792788059,2014
2015-08-22,299.11465550068317,294.3142535919101,289.513851683137,284.7134497743638,279.9130478655907,275.11264595681763,270.3122440480445,265.5118421392714,260.7114402304983,255.91103832172516,251.11063641295203,246.31023450417894,241.5098325954058,236.7094306866327,231.9090287778596,227.10862686908646,222.30822496031334,217.50782305154024,212.70742114276712,207.907019233994,203.1066173252209,198.30621541644777,193.50581350767465,188.70541159890155,183.90500969012842,179.1046077813553,174.3042058725822,169.50380396380908,164.70340205503595,159.90300014626285,2015-08-22,22,0.773,308.2725150277288,8,2015,-4.800401908773115,337.5178707708681,2014
2015-08-23,296.5731920297066,292.1981610117211,287.8231299937356,283.4480989757501,279.07306795776464,274.6980369397792,270.32300592179365,265.9479749038082,261.5729438858227,257.1979128678372,252.82288184985174,248.44785083186622,244.07281981388076,239.69778879589526,235.32275777790977,230.9477267599243,226.5726957419388,222.19766472395332,217.82263370596783,213.44760268798234,209.07257166999685,204.69754065201136,200.3225096340259,195.9474786160404,191.5724475980549,187.19741658006942,182.82238556208392,178.44735454409846,174.07232352611297,169.69729250812748,2015-08-23,23,0.778,303.045958562418,8,2015,-4.375031017985487,331.5734401735905,2014
2015-08-24,295.38651042400954,291.79311370265583,288.19971698130206,284.60632025994835,281.0129235385946,277.4195268172408,273.8261300958871,270.2327333745333,266.6393366531796,263.04593993182584,259.4525432104721,255.85914648911836,252.2657497677646,248.67235304641088,245.0789563250571,241.48555960370336,237.89216288234962,234.29876616099585,230.70536943964214,227.11197271828837,223.51857599693463,219.9251792755809,216.33178255422715,212.7383858328734,209.14498911151964,205.55159239016592,201.95819566881215,198.3647989474584,194.77140222610467,191.17800550475093,2015-08-24,24,0.784,299.9469781192793,8,2015,-3.5933967213537463,324.13368419483953,2014
2015-08-25,296.536498130632,294.1441905773312,291.75188302403035,289.3595754707295,286.9672679174287,284.5749603641279,282.18265281082705,279.7903452575262,277.3980377042254,275.00573015092453,272.6134225976237,270.2211150443229,267.8288074910221,265.43649993772124,263.0441923844204,260.65188483111956,258.2595772778187,255.8672697245179,253.47496217121707,251.08265461791623,248.69034706461542,246.29803951131458,243.90573195801375,241.5134244047129,239.12111685141207,236.72880929811126,234.33650174481042,231.9441941915096,229.55188663820877,227.15957908490793,2015-08-25,25,0.784,299.9469781192793,8,2015,-2.392307553300831,315.6749585570387,2014
2015-08-26,294.4340112036558,292.202294237725,289.9705772717942,287.7388603058634,285.50714333993255,283.27542637400177,281.043709408071,278.81199244214014,276.58027547620935,274.3485585102785,272.1168415443477,269.88512457841694,267.6534076124861,265.4216906465553,263.18997368062446,260.9582567146937,258.7265397487629,256.49482278283205,254.26310581690126,252.03138885097044,249.79967188503963,247.56795491910884,245.336237953178,243.1045209872472,240.8728040213164,238.64108705538558,236.4093700894548,234.17765312352395,231.94593615759317,229.71421919166235,2015-08-26,26,0.7879999999999999,295.76869358749036,8,2015,-2.2317169659308087,312.2877469311023,2014
2015-08-27,290.44325223101754,287.7702452052389,285.09723817946025,282.4242311536816,279.75122412790296,277.0782171021243,274.40521007634567,271.732203050567,269.0591960247884,266.38618899900973,263.71318197323103,261.0401749474524,258.36716792167374,255.6941608958951,253.02115387011645,250.3481468443378,247.67513981855916,245.00213279278051,242.32912576700187,239.65611874122322,236.98311171544455,234.3101046896659,231.63709766388726,228.9640906381086,226.29108361232994,223.6180765865513,220.94506956077265,218.272062534994,215.59905550921536,212.92604848343672,2015-08-27,27,0.799,292.6933238949998,8,2015,-2.67300702577865,311.82730843724676,2014
2015-08-28,288.6780919916262,286.1201945893115,283.56229718699683,281.0043997846821,278.4465023823674,275.8886049800527,273.330707577738,270.7728101754233,268.2149127731086,265.6570153707939,263.09911796847916,260.5412205661645,257.9833231638498,255.42542576153508,252.8675283592204,250.30963095690566,247.75173355459097,245.19383615227628,242.63593874996155,240.07804134764686,237.52014394533217,234.96224654301744,232.40434914070275,229.84645173838805,227.28855433607333,224.73065693375864,222.17275953144394,219.61486212912922,217.05696472681456,214.49906732449983,2015-08-28,28,0.799,292.6933238949998,8,2015,-2.5578974023147025,309.1412712101438,2014
2015-08-29,287.4708878404208,285.2718167489328,283.07274565744484,280.87367456595683,278.6746034744688,276.4755323829809,274.27646129149286,272.07739020000486,269.8783191085169,267.6792480170289,265.48017692554095,263.28110583405294,261.08203474256493,258.8829636510769,256.68389255958897,254.48482146810096,252.28575037661298,250.086679285125,247.88760819363702,245.68853710214904,243.48946601066103,241.29039491917305,239.09132382768507,236.89225273619707,234.69318164470909,232.4941105532211,230.2950394617331,228.09596837024512,225.89689727875714,223.69782618726913,2015-08-29,29,0.805,289.7749492661428,8,2015,-2.199071091487988,305.0634565723247,2014
2015-08-30,286.66624031288023,284.7399719572312,282.8137036015822,280.88743524593315,278.9611668902841,277.0348985346351,275.1086301789861,273.18236182333703,271.25609346768806,269.32982511203903,267.40355675639,265.477288400741,263.55102004509195,261.6247516894429,259.6984833337939,257.77221497814486,255.84594662249583,253.9196782668468,251.99340991119777,250.06714155554874,248.14087319989972,246.2146048442507,244.28833648860166,242.36206813295263,240.4357997773036,238.50953142165457,236.58326306600554,234.6569947103565,232.73072635470749,230.80445799905846,2015-08-30,30,0.805,289.7749492661428,8,2015,-1.9262683556490268,302.07638715807246,2014
2015-08-31,284.4854377948726,282.4987479910848,280.5120581872971,278.5253683835093,276.53867857972153,274.55198877593375,272.56529897214597,270.5786091683582,268.59191936457046,266.6052295607827,264.6185397569949,262.6318499532071,260.6451601494193,258.65847034563154,256.67178054184376,254.685090738056,252.69840093426825,250.71171113048047,248.72502132669268,246.7383315229049,244.75164171911715,242.76495191532936,240.7782621115416,238.79157230775382,236.80488250396604,234.81819270017826,232.83150289639048,230.84481309260272,228.85812328881494,226.87143348502718,2015-08-31,31,0.812,286.3731610411107,8,2015,-1.9866898037877743,300.3789562251748,2014
2015-09-01,283.0972309292163,281.3199261574465,279.5426213856766,277.7653166139068,275.988011842137,274.2107070703671,272.4334022985973,270.65609752682747,268.87879275505765,267.10148798328777,265.32418321151795,263.5468784397481,261.7695736679783,259.99226889620843,258.2149641244386,256.4376593526688,254.66035458089894,252.8830498091291,251.10574503735927,249.32844026558942,247.5511354938196,245.77383072204975,243.99652595027993,242.21922117851008,240.44191640674023,238.6646116349704,236.8873068632006,235.11000209143074,233.3326973196609,231.55539254789107,2015-09-01,1,0.8130000000000001,284.36674916318333,9,2015,-1.777304771769836,297.315669103375,2014
2015-09-02,282.1440776865212,280.53569690494567,278.92731612337013,277.31893534179466,275.7105545602191,274.1021737786436,272.49379299706806,270.8854122154926,269.27703143391705,267.6686506523415,266.060269870766,264.45188908919044,262.84350830761497,261.23512752603943,259.6267467444639,258.01836596288837,256.4099851813129,254.80160439973736,253.19322361816182,251.58484283658632,249.97646205501078,248.36808127343528,246.75970049185975,245.1513197102842,243.5429389287087,241.9345581471332,240.32617736555767,238.71779658398214,237.10941580240663,235.5010350208311,2015-09-02,2,0.8130000000000001,284.36674916318333,9,2015,-1.6083807815755202,295.01112393912535,2014
2015-09-03,280.5285545009851,278.87449581475755,277.2204371285301,275.5663784423026,273.9123197560751,272.2582610698476,270.6042023836201,268.9501436973926,267.29608501116513,265.6420263249376,263.98796763871013,262.3339089524826,260.67985026625513,259.02579158002766,257.37173289380013,255.71767420757266,254.06361552134516,252.40955683511766,250.75549814889015,249.10143946266265,247.44738077643518,245.79332209020768,244.13926340398018,242.48520471775268,240.83114603152518,239.1770873452977,237.5230286590702,235.8689699728427,234.2149112866152,232.5608526003877,2015-09-03,3,0.8180000000000001,282.6636429265024,9,2015,-1.6540586862274949,293.76102399080503,2014
2015-09-04,276.5913231888239,274.5458170471352,272.50031090544655,270.45480476375786,268.4092986220692,266.36379248038054,264.31828633869185,262.27278019700316,260.2272740553145,258.18176791362583,256.13626177193714,254.09075563024848,252.04524948855982,249.99974334687116,247.9542372051825,245.9087310634938,243.86322492180514,241.81771878011648,239.7722126384278,237.72670649673913,235.68120035505046,233.63569421336177,231.5901880716731,229.54468192998445,227.49917578829576,225.4536696466071,223.40816350491843,221.36265736322974,219.3171512215411,217.27164507985242,2015-09-04,4,0.8280000000000001,276.09323346278455,9,2015,-2.0455061416886706,292.95537232233323,2014
2015-09-05,269.66829855276046,266.63732538622014,263.6063522196799,260.57537905313956,257.54440588659924,254.51343272005894,251.48245955351865,248.45148638697836,245.42051322043807,242.38954005389775,239.35856688735745,236.32759372081716,233.29662055427684,230.26564738773655,227.23467422119626,224.20370105465594,221.17272788811565,218.14175472157535,215.11078155503503,212.07980838849477,209.04883522195445,206.01786205541416,202.98688888887386,199.95591572233354,196.92494255579325,193.89396938925296,190.86299622271264,187.83202305617235,184.80104988963205,181.77007672309173,2015-09-05,5,0.845,268.90685350954425,9,2015,-3.0309731665403,293.91608388508286,2014
2015-09-06,265.72643045335394,262.45527939612623,259.1841283388985,255.91297728167083,252.64182622444315,249.37067516721544,246.09952410998773,242.82837305276004,239.55722199553236,236.28607093830465,233.01491988107693,229.74376882384925,226.47261776662157,223.20146670939386,219.93031565216614,216.65916459493846,213.38801353771075,210.11686248048306,206.84571142325535,203.57456036602764,200.30340930879996,197.03225825157227,193.76110719434456,190.48995613711685,187.21880507988917,183.94765402266148,180.67650296543377,177.40535190820606,174.13420085097837,170.8630497937507,2015-09-06,6,0.845,268.90685350954425,9,2015,-3.2711510572276987,291.8956389111755,2014
2015-09-07,260.05557901168464,256.19377620657184,252.33197340145904,248.4701705963462,244.6083677912334,240.7465649861206,236.8847621810078,233.022959375895,229.1611565707822,225.2993537656694,221.4375509605566,217.5757481554438,213.713945350331,209.85214254521816,205.99033974010536,202.12853693499255,198.26673412987975,194.40493132476695,190.54312851965415,186.68132571454134,182.81952290942854,178.95772010431574,175.09591729920294,171.23411449409014,167.37231168897733,163.51050888386453,159.64870607875173,155.78690327363893,151.92510046852613,148.06329766341332,2015-09-07,7,0.851,263.21544989020924,9,2015,-3.861802805112804,290.95000145258706,2014
2015-09-08,254.45767382725268,250.10026123324934,245.742848639246,241.38543604524264,237.0280234512393,232.67061085723594,228.3131982632326,223.95578566922927,219.5983730752259,215.24096048122254,210.8835478872192,206.52613529321587,202.1687226992125,197.81131010520917,193.4538975112058,189.09648491720247,184.73907232319914,180.38165972919577,176.0242471351924,171.66683454118908,167.30942194718574,162.9520093531824,158.59459675917904,154.23718416517568,149.87977157117234,145.522358977169,141.16494638316564,136.8075337891623,132.45012119515894,128.0927086011556,2015-09-08,8,0.856,259.05848696109416,9,2015,-4.357412594003348,289.3169745792795,2014
2015-09-09,248.63178716004433,243.96198487593426,239.29218259182417,234.6223803077141,229.95257802360402,225.28277573949396,220.6129734553839,215.9431711712738,211.2733688871637,206.60356660305365,201.9337643189436,197.2639620348335,192.5941597507234,187.92435746661334,183.25455518250328,178.5847528983932,173.91495061428313,169.24514833017304,164.57534604606298,159.9055437619529,155.23574147784282,150.56593919373273,145.89613690962267,141.22633462551258,136.55653234140252,131.88673005729245,127.21692777318236,122.5471254890723,117.87732320496221,113.20752092085215,2015-09-09,9,0.872,252.33245381571342,9,2015,-4.669802284110076,285.99020543292494,2014
2015-09-10,244.33820427453128,239.8228956137636,235.30758695299593,230.79227829222825,226.2769696314606,221.7616609706929,217.24635230992521,212.73104364915756,208.2157349883899,203.7004263276222,199.18511766685452,194.66980900608687,190.1545003453192,185.63919168455152,181.12388302378383,176.60857436301617,172.0932657022485,167.57795704148083,163.06264838071314,158.54733971994546,154.0320310591778,149.51672239841014,145.00141373764245,140.4861050768748,135.9707964161071,131.45548775533942,126.94017909457176,122.42487043380407,117.90956177303642,113.39425311226873,2015-09-10,10,0.879,248.2827412743233,9,2015,-4.515308660767674,280.46067356067266,2014
2015-09-11,242.140288997736,238.06873338164314,233.99717776555028,229.9256221494574,225.85406653336452,221.78251091727168,217.71095530117879,213.63939968508592,209.56784406899305,205.4962884529002,201.42473283680732,197.35317722071443,193.2816216046216,189.2100659885287,185.13851037243583,181.06695475634297,176.9953991402501,172.92384352415723,168.85228790806437,164.7807322919715,160.7091766758786,156.63762105978577,152.56606544369288,148.4945098276,144.42295421150715,140.35139859541428,136.27984297932142,132.20828736322855,128.13673174713568,124.06517613104279,2015-09-11,11,0.879,248.2827412743233,9,2015,-4.071555616092869,274.71273392647896,2014
2015-09-12,239.24459462306277,235.28511768968346,231.32564075630415,227.36616382292488,223.4066868895456,219.4472099561663,215.48773302278698,211.5282560894077,207.5687791560284,203.6093022226491,199.6498252892698,195.69034835589054,191.73087142251123,187.77139448913192,183.81191755575264,179.85244062237336,175.89296368899406,171.93348675561475,167.97400982223547,164.01453288885617,160.05505595547686,156.09557902209758,152.1361020887183,148.176625155339,144.2171482219597,140.2576712885804,136.2981943552011,132.33871742182183,128.37924048844252,124.41976355506324,2015-09-12,12,0.887,245.4987897708516,9,2015,-3.959476933379294,270.9204100900971,2014
2015-09-13,238.72714595915903,235.53466934835805,232.34219273755707,229.1497161267561,225.9572395159551,222.76476290515416,219.57228629435315,216.3798096835522,213.18733307275122,209.99485646195023,206.80237985114928,203.60990324034827,200.41742662954732,197.22495001874634,194.03247340794536,190.8399967971444,187.6475201863434,184.45504357554245,181.26256696474147,178.0700903539405,174.8776137431395,171.68513713233853,168.49266052153757,165.3001839107366,162.1077072999356,158.91523068913463,155.72275407833365,152.5302774675327,149.33780085673172,146.14532424593074,2015-09-13,13,0.894,243.80870383002514,9,2015,-3.1924766108009752,264.2669588455668,2014
2015-09-14,236.77119587688065,233.94437846864287,231.1175610604051,228.29074365216732,225.46392624392954,222.63710883569175,219.81029142745396,216.98347401921617,214.1566566109784,211.3298392027406,208.5030217945028,205.67620438626503,202.84938697802724,200.02256956978945,197.1957521615517,194.3689347533139,191.54211734507612,188.71529993683833,185.88848252860055,183.06166512036276,180.23484771212497,177.4080303038872,174.5812128956494,171.7543954874116,168.92757807917383,166.10076067093604,163.27394326269825,160.44712585446047,157.62030844622268,154.7934910379849,2015-09-14,14,0.903,239.2853416424908,9,2015,-2.826817408237785,259.38573514278295,2014
2015-09-15,236.45227714608401,234.25191381652579,232.05155048696756,229.85118715740933,227.6508238278511,225.45046049829287,223.25009716873464,221.04973383917644,218.8493705096182,216.64900718005998,214.44864385050175,212.24828052094352,210.0479171913853,207.84755386182707,205.64719053226884,203.4468272027106,201.24646387315238,199.04610054359415,196.84573721403592,194.6453738844777,192.44501055491946,190.24464722536126,188.04428389580303,185.8439205662448,183.64355723668658,181.44319390712835,179.24283057757012,177.04246724801192,174.8421039184537,172.64174058889546,2015-09-15,15,0.903,239.2853416424908,9,2015,-2.2003633295582263,254.05518378254982,2014
2015-09-16,236.07550782706753,234.246920459656,232.41833309224447,230.58974572483294,228.7611583574214,226.93257099000988,225.10398362259835,223.27539625518682,221.44680888777526,219.61822152036373,217.7896341529522,215.96104678554067,214.13245941812914,212.30387205071762,210.47528468330609,208.64669731589456,206.81810994848303,204.9895225810715,203.16093521365997,201.3323478462484,199.5037604788369,197.67517311142535,195.84658574401382,194.0179983766023,192.18941100919076,190.36082364177923,188.5322362743677,186.70364890695618,184.87506153954462,183.04647417213312,2015-09-16,16,0.903,239.2853416424908,9,2015,-1.828587367411532,250.7042067663598,2014
2015-09-17,234.39497506885564,232.55709305787997,230.71921104690432,228.88132903592864,227.04344702495297,225.20556501397732,223.36768300300164,221.52980099202597,219.6919189810503,217.85403697007462,216.01615495909897,214.1782729481233,212.34039093714762,210.50250892617197,208.6646269151963,206.82674490422062,204.98886289324497,203.1509808822693,201.31309887129362,199.47521686031794,197.63733484934227,195.79945283836662,193.96157082739094,192.12368881641527,190.28580680543962,188.44792479446394,186.61004278348827,184.77216077251262,182.93427876153692,181.09639675056127,2015-09-17,17,0.905,236.7792619866355,9,2015,-1.8378820109756684,249.098031156661,2014
2015-09-18,234.3577964945991,232.92145838604816,231.4851202774972,230.04878216894625,228.6124440603953,227.17610595184433,225.73976784329338,224.30342973474242,222.86709162619147,221.4307535176405,219.99441540908956,218.55807730053857,217.12173919198761,215.68540108343666,214.2490629748857,212.81272486633475,211.3763867577838,209.94004864923284,208.50371054068188,207.06737243213092,205.63103432357997,204.194696215029,202.75835810647806,201.3220199979271,199.88568188937614,198.4493437808252,197.01300567227423,195.57666756372328,194.14032945517232,192.70399134662136,2015-09-18,18,0.905,236.7792619866355,9,2015,-1.4363381085509566,245.84850136300676,2014
2015-09-19,231.77052370805092,230.1862995046502,228.60207530124953,227.01785109784882,225.4336268944481,223.84940269104743,222.26517848764672,220.680954284246,219.0967300808453,217.5125058774446,215.92828167404392,214.3440574706432,212.7598332672425,211.17560906384182,209.5913848604411,208.0071606570404,206.4229364536397,204.838712250239,203.2544880468383,201.6702638434376,200.08603964003692,198.5018154366362,196.9175912332355,195.3333670298348,193.74914282643408,192.1649186230334,190.5806944196327,188.99647021623198,187.4122460128313,185.8280218094306,2015-09-19,19,0.909,231.52869092080718,9,2015,-1.584224203400701,244.44431733525653,2014
2015-09-20,230.45465678258353,228.9800377374309,227.5054186922783,226.0307996471257,224.55618060197307,223.08156155682047,221.60694251166785,220.13232346651523,218.65770442136264,217.18308537621002,215.70846633105742,214.2338472859048,212.75922824075218,211.2846091955996,209.80999015044696,208.33537110529437,206.86075206014175,205.38613301498913,203.9115139698365,202.4368949246839,200.9622758795313,199.4876568343787,198.01303778922608,196.53841874407345,195.06379969892086,193.58918065376824,192.11456160861565,190.63994256346302,189.1653235183104,187.69070447315778,2015-09-20,20,0.909,231.52869092080718,9,2015,-1.4746190451526113,242.25160914380442,2014
2015-09-21,228.9544936209183,227.38185702540952,225.80922042990076,224.23658383439198,222.6639472388832,221.0913106433744,219.51867404786566,217.94603745235688,216.3734008568481,214.80076426133934,213.22812766583056,211.65549107032177,210.08285447481302,208.51021787930424,206.93758128379545,205.36494468828667,203.7923080927779,202.21967149726913,200.64703490176035,199.07439830625157,197.5017617107428,195.92912511523403,194.35648851972525,192.7838519242165,191.2112153287077,189.63857873319893,188.06594213769014,186.49330554218136,184.9206689466726,183.34803235116382,2015-09-21,21,0.909,231.52869092080718,9,2015,-1.572636595508775,241.5355863849885,2014
2015-09-22,228.5624234194936,227.16879251368877,225.77516160788392,224.3815307020791,222.98789979627423,221.5942688904694,220.20063798466455,218.80700707885973,217.41337617305487,216.01974526725004,214.6261143614452,213.23248345564036,211.8388525498355,210.44522164403068,209.05159073822583,207.657959832421,206.26432892661614,204.87069802081132,203.4770671150065,202.08343620920164,200.68980530339678,199.29617439759195,197.90254349178713,196.50891258598227,195.11528168017742,193.7216507743726,192.32801986856776,190.9343889627629,189.54075805695805,188.14712715115323,2015-09-22,22,0.909,231.52869092080718,9,2015,-1.3936309058048404,239.71147066593232,2014
2015-09-23,229.27844617830942,228.34084420226867,227.40324222622792,226.46564025018716,225.5280382741464,224.59043629810566,223.6528343220649,222.71523234602415,221.7776303699834,220.84002839394265,219.9024264179019,218.96482444186114,218.0272224658204,217.08962048977963,216.15201851373888,215.21441653769816,214.2768145616574,213.33921258561665,212.4016106095759,211.46400863353514,210.5264066574944,209.58880468145364,208.65120270541289,207.71360072937213,206.77599875333138,205.83839677729063,204.90079480124987,203.96319282520915,203.0255908491684,202.08798887312764,2015-09-23,23,0.909,231.52869092080718,9,2015,-0.937601976040751,236.77926198663542,2014
2015-09-24,230.02852775914204,229.4659665735176,228.90340538789314,228.3408442022687,227.77828301664425,227.21572183101983,226.6531606453954,226.09059945977094,225.5280382741465,224.96547708852205,224.4029159028976,223.84035471727316,223.27779353164874,222.7152323460243,222.15267116039985,221.5901099747754,221.02754878915096,220.4649876035265,219.90242641790206,219.33986523227762,218.77730404665317,218.21474286102875,217.6521816754043,217.08962048977986,216.52705930415542,215.96449811853097,215.40193693290652,214.83937574728208,214.27681456165766,213.7142533760332,2015-09-24,24,0.909,231.52869092080718,9,2015,-0.5625611856244426,234.52901724413758,2014
2015-09-25,228.45397785982783,227.8774691608942,227.30096046196059,226.72445176302696,226.14794306409334,225.57143436515972,224.99492566622607,224.41841696729244,223.84190826835882,223.2653995694252,222.68889087049158,222.11238217155795,221.53587347262433,220.9593647736907,220.38285607475706,219.80634737582344,219.2298386768898,218.6533299779562,218.07682127902257,217.50031258008894,216.92380388115532,216.3472951822217,215.77078648328808,215.19427778435443,214.6177690854208,214.04126038648718,213.46475168755356,212.88824298861994,212.3117342896863,211.7352255907527,2015-09-25,25,0.9129999999999999,226.14794306409317,9,2015,-0.5765086989336258,233.06604745129684,2014
2015-09-26,226.1479430640932,225.18709523253713,224.22624740098107,223.265399569425,222.30455173786893,221.34370390631284,220.38285607475677,219.4220082432007,218.46116041164464,217.50031258008858,216.53946474853248,215.57861691697642,214.61776908542035,213.65692125386428,212.69607342230822,211.73522559075212,210.77437775919606,209.81352992764,208.85268209608392,207.89183426452786,206.93098643297176,205.9701386014157,205.00929076985963,204.04844293830357,203.0875951067475,202.1267472751914,201.16589944363534,200.20505161207927,199.2442037805232,198.28335594896714,2015-09-26,26,0.9129999999999999,226.14794306409317,9,2015,-0.9608478315560717,233.83472571654178,2014
2015-09-27,221.51849921794124,219.7857154483873,218.05293167883332,216.32014790927937,214.58736413972542,212.85458037017148,211.1217966006175,209.38901283106355,207.6562290615096,205.92344529195566,204.19066152240168,202.45787775284774,200.7250939832938,198.9923102137398,197.25952644418587,195.52674267463192,193.79395890507797,192.06117513552402,190.32839136597005,188.5956075964161,186.86282382686215,185.13004005730818,183.39725628775423,181.66447251820028,179.93168874864634,178.1989049790924,176.46612120953841,174.73333743998447,173.00055367043052,171.26776990087654,2015-09-27,27,0.9229999999999999,220.73679026168426,9,2015,-1.7327837695539545,235.38076937437287,2014
2015-09-28,215.47428209696375,212.80064865626716,210.12701521557054,207.45338177487395,204.77974833417733,202.10611489348074,199.43248145278415,196.75884801208753,194.0852145713909,191.41158113069432,188.73794768999772,186.0643142493011,183.3906808086045,180.7170473679079,178.0434139272113,175.36978048651468,172.6961470458181,170.0225136051215,167.34888016442488,164.67524672372826,162.00161328303167,159.32797984233508,156.65434640163846,153.98071296094184,151.30707952024525,148.63344607954866,145.95981263885204,143.28617919815542,140.61254575745883,137.93891231676224,2015-09-28,28,0.934,215.5629618659588,9,2015,-2.6736334406966042,236.8633496225366,2014
2015-09-29,210.9502702631122,207.76337679488452,204.5764833266568,201.38958985842913,198.20269639020145,195.01580292197377,191.82890945374606,188.64201598551838,185.4551225172907,182.268229049063,179.08133558083532,175.89444211260763,172.70754864437995,169.52065517615227,166.33376170792457,163.1468682396969,159.9599747714692,156.7730813032415,153.58618783501382,150.39929436678614,147.21240089855843,144.02550743033078,140.83861396210307,137.6517204938754,134.4648270256477,131.27793355742,128.09104008919232,124.90414662096462,121.71725315273694,118.53035968450925,2015-09-29,29,0.938,214.2318888547171,9,2015,-3.1868934682276877,236.4454180089337,2014
2015-09-30,209.00791674791134,205.94625991963247,202.88460309135363,199.82294626307475,196.7612894347959,193.69963260651707,190.6379757782382,187.57631894995936,184.5146621216805,181.45300529340165,178.3913484651228,175.32969163684393,172.26803480856506,169.20637798028622,166.14472115200738,163.08306432372854,160.02140749544967,156.9597506671708,153.89809383889195,150.8364370106131,147.77478018233424,144.7131233540554,141.65146652577653,138.58980969749769,135.52815286921884,132.46649604093997,129.4048392126611,126.34318238438226,123.28152555610342,120.21986872782456,2015-09-30,30,0.937,214.4255903958333,9,2015,-3.061656828278854,233.50117137414216,2014
