DateVal,1,2,3,4,5,6,7,8,9,10,11,12,13,14,15,16,17,18,19,20,21,22,23,24,25,26,27,28,29,30,DateVal,Day,Exceedance,Flow,Month,Year,m,c,WaterYear
1925-10-01,186.38734334298297,185.58907425628902,184.7908051695951,183.99253608290115,183.19426699620723,182.3959979095133,181.59772882281936,180.79945973612544,180.00119064943152,179.20292156273757,178.40465247604365,177.6063833893497,176.80811430265578,176.00984521596183,175.2115761292679,174.413307042574,173.61503795588004,172.81676886918612,172.0184997824922,171.22023069579825,170.42196160910433,169.62369252241038,168.82542343571646,168.0271543490225,167.2288852623286,166.43061617563467,165.63234708894072,164.8340780022468,164.03580891555285,163.23753982885893,1925-10-01,1,0.976,187.9873988589625,10,1925,-0.7982690866939324,192.77349603653443,1925
1925-10-02,187.30834077819625,186.9498225724731,186.59130436674994,186.23278616102678,185.87426795530362,185.51574974958046,185.1572315438573,184.79871333813415,184.440195132411,184.08167692668783,183.72315872096468,183.36464051524152,183.00612230951836,182.6476041037952,182.28908589807205,181.9305676923489,181.57204948662573,181.21353128090257,180.85501307517941,180.49649486945626,180.1379766637331,179.77945845800994,179.4209402522868,179.06242204656365,178.7039038408405,178.34538563511734,177.98686742939418,177.62834922367102,177.26983101794787,176.9113128122247,1925-10-02,2,0.976,187.9873988589625,10,1925,-0.3585182057231573,190.17648642398152,1925
1925-10-03,188.1951417098342,188.19514170983422,188.19514170983425,188.19514170983427,188.19514170983427,188.1951417098343,188.19514170983433,188.19514170983433,188.19514170983436,188.1951417098344,188.1951417098344,188.19514170983442,188.19514170983445,188.19514170983445,188.19514170983447,188.1951417098345,188.1951417098345,188.19514170983453,188.19514170983456,188.19514170983456,188.1951417098346,188.19514170983462,188.19514170983462,188.19514170983464,188.19514170983467,188.1951417098347,188.1951417098347,188.19514170983473,188.19514170983476,188.19514170983476,1925-10-03,3,0.976,187.9873988589625,10,1925,1.9415895521175265e-14,188.19514170983405,1925
1925-10-04,185.50766851790314,184.9907833662366,184.47389821457008,183.95701306290354,183.440127911237,182.92324275957048,182.40635760790394,181.8894724562374,181.37258730457089,180.85570215290434,180.3388170012378,179.82193184957129,179.30504669790474,178.7881615462382,178.2712763945717,177.75439124290514,177.23750609123863,176.7206209395721,176.20373578790554,175.68685063623903,175.1699654845725,174.65308033290594,174.13619518123943,173.6193100295729,173.10242487790634,172.58553972623983,172.0686545745733,171.55176942290677,171.03488427124023,170.5179991195737,1925-10-04,4,0.9790000000000001,183.64787076210843,10,1925,-0.5168851516665326,189.6427497312354,1925
1925-10-05,180.56687301048888,179.14935055958176,177.73182810867462,176.3143056577675,174.89678320686036,173.47926075595325,172.0617383050461,170.644215854139,169.22669340323188,167.80917095232473,166.39164850141762,164.9741260505105,163.55660359960336,162.13908114869625,160.7215586977891,159.304036246882,157.88651379597485,156.46899134506774,155.05146889416062,153.63394644325348,152.21642399234636,150.79890154143925,149.3813790905321,147.963856639625,146.54633418871788,145.12881173781074,143.71128928690362,142.29376683599648,140.87624438508936,139.45872193418222,1925-10-05,5,0.981,178.61967468579937,10,1925,-1.4175224509071254,191.90705261774588,1925
1925-10-06,175.90843440956277,173.7268569737848,171.54527953800684,169.36370210222887,167.18212466645093,165.00054723067296,162.818969794895,160.63739235911703,158.45581492333906,156.27423748756112,154.09266005178316,151.9110826160052,149.72950518022725,147.54792774444928,145.36635030867131,143.18477287289335,141.00319543711538,138.8216180013374,136.64004056555947,134.4584631297815,132.27688569400354,130.09530825822557,127.91373082244762,125.73215338666967,123.5505759508917,121.36899851511373,119.18742107933578,117.00584364355781,114.82426620777986,112.64268877200189,1925-10-06,6,0.982,176.77186822886276,10,1925,-2.181577435777961,193.36105389578645,1925
1925-10-07,171.56426910286962,168.868589088486,166.17290907410242,163.4772290597188,160.78154904533523,158.08586903095164,155.39018901656806,152.69450900218445,149.99882898780086,147.30314897341728,144.60746895903367,141.91178894465008,139.2161089302665,136.52042891588292,133.8247489014993,131.12906888711572,128.4333888727321,125.73770885834853,123.04202884396494,120.34634882958134,117.65066881519775,114.95498880081416,112.25930878643057,109.56362877204698,106.86794875766338,104.17226874327979,101.4765887288962,98.7809087145126,96.08522870012902,93.38954868574542,1925-10-07,7,0.985,173.4273138691697,10,1925,-2.6956800143835924,193.12970921793834,1925
1925-10-08,167.37455917178082,164.24583415147796,161.1171091311751,157.98838411087226,154.8596590905694,151.73093407026658,148.60220904996373,145.47348402966088,142.34475900935803,139.21603398905518,136.08730896875232,132.95858394844947,129.82985892814662,126.70113390784378,123.57240888754093,120.44368386723808,117.31495884693523,114.18623382663237,111.05750880632954,107.92878378602668,104.80005876572383,101.67133374542098,98.54260872511814,95.41388370481529,92.28515868451244,89.15643366420959,86.02770864390673,82.8989836236039,79.77025860330104,76.64153358299819,1925-10-08,8,0.986,170.78468950707952,10,1925,-3.128725020302849,192.4043593342036,1925
1925-10-09,165.6423791481037,162.69499159873453,159.7476040493654,156.80021649999625,153.8528289506271,150.90544140125797,147.95805385188882,145.0106663025197,142.06327875315054,139.11589120378142,136.16850365441226,133.2211161050431,130.27372855567398,127.32634100630484,124.3789534569357,121.43156590756656,118.48417835819743,115.53679080882829,112.58940325945915,109.64201571008999,106.69462816072085,103.74724061135171,100.79985306198257,97.85246551261343,94.9050779632443,91.95769041387516,89.01030286450602,86.06291531513688,83.11552776576774,80.1681402163986,1925-10-09,9,0.986,170.78468950707952,10,1925,-2.947387549369141,189.2214795430568,1925
1925-10-10,167.87780009589002,166.0092708188172,164.14074154174438,162.27221226467157,160.40368298759876,158.53515371052592,156.6666244334531,154.7980951563803,152.92956587930746,151.06103660223465,149.19250732516184,147.323978048089,145.4554487710162,143.58691949394336,141.71839021687055,139.84986093979774,137.98133166272493,136.1128023856521,134.24427310857928,132.37574383150644,130.50721455443363,128.63868527736082,126.77015600028798,124.90162672321517,123.03309744614235,121.16456816906953,119.29603889199672,117.42750961492389,115.55898033785107,113.69045106077824,1925-10-10,10,0.985,173.4273138691697,10,1925,-1.86852927707282,182.8260343124726,1925
1925-10-11,170.3334354292807,169.4438348745891,168.5542343198975,167.66463376520585,166.77503321051424,165.88543265582263,164.99583210113101,164.1062315464394,163.2166309917478,162.32703043705618,161.43742988236454,160.54782932767293,159.65822877298132,158.7686282182897,157.8790276635981,156.98942710890648,156.09982655421487,155.21022599952323,154.32062544483162,153.43102489014,152.5414243354484,151.65182378075679,150.76222322606517,149.87262267137356,148.98302211668192,148.0934215619903,147.2038210072987,146.3142204526071,145.42461989791548,144.53501934322387,1925-10-11,11,0.985,173.4273138691697,10,1925,-0.8896005546916156,177.45023986681363,1925
1925-10-12,170.58413807919297,170.03703408621945,169.4899300932459,168.94282610027236,168.3957221072988,167.84861811432526,167.30151412135172,166.7544101283782,166.20730613540465,165.6602021424311,165.11309814945756,164.565994156484,164.0188901635105,163.47178617053694,162.9246821775634,162.37757818458985,161.8304741916163,161.28337019864279,160.73626620566924,160.1891622126957,159.64205821972214,159.0949542267486,158.54785023377505,158.00074624080153,157.453642247828,156.90653825485444,156.3594342618809,155.81233026890735,155.2652262759338,154.71812228296028,1925-10-12,12,0.986,170.78468950707952,10,1925,-0.5471039929735417,174.96097002298131,1925
1925-10-13,171.1622072730925,170.97344839008605,170.78468950707963,170.5959306240732,170.40717174106675,170.21841285806033,170.0296539750539,169.84089509204745,169.65213620904103,169.4633773260346,169.27461844302815,169.08585956002173,168.8971006770153,168.70834179400885,168.51958291100243,168.330824027996,168.14206514498954,167.95330626198313,167.7645473789767,167.57578849597024,167.38702961296383,167.1982707299574,167.00951184695094,166.82075296394453,166.63199408093809,166.44323519793167,166.25447631492523,166.06571743191878,165.87695854891237,165.68819966590593,1925-10-13,13,0.986,170.78468950707952,10,1925,-0.18875888300643312,172.67227833714395,1925
1925-10-14,170.1740148566964,169.89434933711894,169.61468381754148,169.335018297964,169.05535277838655,168.77568725880909,168.49602173923162,168.21635621965416,167.9366907000767,167.65702518049923,167.37735966092177,167.0976941413443,166.81802862176684,166.53836310218938,166.25869758261192,165.97903206303445,165.699366543457,165.41970102387953,165.14003550430206,164.8603699847246,164.5807044651471,164.30103894556964,164.02137342599218,163.74170790641472,163.46204238683725,163.1823768672598,162.90271134768233,162.62304582810486,162.3433803085274,162.06371478894994,1925-10-14,14,0.988,169.05535277838638,10,1925,-0.27966551957746383,172.4113390133161,1925
1925-10-15,166.31445133527004,165.27936844117968,164.24428554708933,163.20920265299898,162.17411975890863,161.13903686481828,160.10395397072793,159.06887107663758,158.03378818254723,156.99870528845688,155.96362239436652,154.92853950027617,153.89345660618582,152.85837371209547,151.82329081800512,150.78820792391477,149.75312502982442,148.71804213573407,147.68295924164372,146.64787634755336,145.612793453463,144.57771055937266,143.5426276652823,142.50754477119196,141.4724618771016,140.43737898301126,139.4022960889209,138.36721319483055,137.3321303007402,136.29704740664985,1925-10-15,15,0.99,164.91943134345516,10,1925,-1.0350828940903511,174.59511448799284,1925
1925-10-16,163.29278183721854,161.71175507445906,160.13072831169958,158.54970154894008,156.9686747861806,155.38764802342112,153.80662126066161,152.22559449790214,150.64456773514266,149.06354097238315,147.48251420962367,145.9014874468642,144.32046068410472,142.7394339213452,141.15840715858573,139.57738039582625,137.99635363306675,136.41532687030727,134.8343001075478,133.25327334478828,131.6722465820288,130.09121981926933,128.51019305650982,126.92916629375034,125.34813953099085,123.76711276823136,122.18608600547188,120.60505924271239,119.0240324799529,117.44300571719342,1925-10-16,16,0.99,164.91943134345516,10,1925,-1.5810267627594876,175.94099593929445,1925
1925-10-17,162.24155966058066,160.70158030100868,159.16160094143666,157.62162158186464,156.08164222229266,154.54166286272064,153.00168350314863,151.46170414357664,149.92172478400462,148.3817454244326,146.84176606486062,145.3017867052886,143.7618073457166,142.2218279861446,140.6818486265726,139.14186926700057,137.60188990742859,136.06191054785657,134.52193118828455,132.98195182871257,131.44197246914055,129.90199310956854,128.36201374999655,126.82203439042453,125.28205503085252,123.7420756712805,122.2020963117085,120.6621169521365,119.12213759256448,117.58215823299248,1925-10-17,17,0.99,164.91943134345516,10,1925,-1.5399793595720066,174.56139453715673,1925
1925-10-18,162.40574927333049,161.21067026429287,160.0155912552553,158.82051224621767,157.6254332371801,156.43035422814248,155.2352752191049,154.04019621006728,152.8451172010297,151.65003819199208,150.4549591829545,149.25988017391688,148.0648011648793,146.86972215584169,145.6746431468041,144.4795641377665,143.2844851287289,142.0894061196913,140.8943271106537,139.6992481016161,138.50416909257848,137.3090900835409,136.1140110745033,134.9189320654657,133.72385305642808,132.5287740473905,131.33369503835291,130.1386160293153,128.9435370202777,127.7484580112401,1925-10-18,18,0.99,164.91943134345516,10,1925,-1.1950790090375993,171.96638134563128,1925
1925-10-19,165.01618105453312,164.53547201682093,164.05476297910872,163.57405394139653,163.0933449036843,162.61263586597212,162.1319268282599,161.65121779054772,161.1705087528355,160.6897997151233,160.2090906774111,159.7283816396989,159.2476726019867,158.7669635642745,158.2862545265623,157.8055454888501,157.32483645113788,156.8441274134257,156.36341837571348,155.8827093380013,155.40200030028907,154.9212912625769,154.44058222486467,153.95987318715248,153.47916414944027,152.99845511172808,152.51774607401586,152.03703703630367,151.55632799859146,151.07561896087927,1925-10-19,19,0.988,169.05535277838638,10,1925,-0.48070903771220197,168.86185335623074,1925
1925-10-20,167.87366093983468,168.16908389947264,168.4645068591106,168.75992981874856,169.0553527783865,169.35077573802445,169.6461986976624,169.94162165730037,170.23704461693833,170.5324675765763,170.82789053621426,171.1233134958522,171.41873645549015,171.7141594151281,172.00958237476607,172.30500533440403,172.600428294042,172.89585125367995,173.19127421331788,173.48669717295584,173.7821201325938,174.07754309223176,174.37296605186972,174.66838901150768,174.96381197114565,175.25923493078358,175.55465789042154,175.8500808500595,176.14550380969746,176.44092676933542,1925-10-20,20,0.988,169.05535277838638,10,1925,0.2954229596379566,165.51027726273102,1925
1925-10-21,171.22523703333428,172.2967919903224,173.3683469473105,174.4399019042986,175.51145686128672,176.58301181827483,177.65456677526294,178.72612173225104,179.79767668923915,180.86923164622726,181.94078660321537,183.01234156020348,184.0838965171916,185.1554514741797,186.2270064311678,187.29856138815592,188.37011634514403,189.44167130213214,190.51322625912024,191.58478121610835,192.65633617309646,193.72789113008457,194.79944608707268,195.8710010440608,196.9425560010489,198.014110958037,199.08566591502512,200.15722087201323,201.22877582900134,202.30033078598944,1925-10-21,21,0.986,170.78468950707952,10,1925,1.0715549569881089,162.6527973774294,1925
1925-10-22,172.55722726490728,173.7523062739449,174.9473852829825,176.14246429202012,177.33754330105774,178.53262231009535,179.72770131913296,180.92278032817057,182.1178593372082,183.3129383462458,184.5080173552834,185.70309636432103,186.89817537335864,188.09325438239625,189.28833339143387,190.48341240047148,191.6784914095091,192.8735704185467,194.06864942758432,195.26372843662193,196.45880744565955,197.65388645469716,198.84896546373477,200.04404447277238,201.23912348181,202.4342024908476,203.62928149988522,204.82436050892284,206.01943951796045,207.21451852699806,1925-10-22,22,0.986,170.78468950707952,10,1925,1.1950790090376133,162.99659519260638,1925
1925-10-23,172.0631310567092,172.98697453387837,173.9108180110475,174.83466148821663,175.75850496538575,176.6823484425549,177.60619191972404,178.53003539689317,179.45387887406233,180.37772235123145,181.30156582840058,182.2254093055697,183.14925278273887,184.073096259908,184.99693973707713,185.92078321424628,186.8446266914154,187.76847016858454,188.69231364575367,189.61615712292283,190.54000060009196,191.4638440772611,192.38768755443022,193.31153103159937,194.2353745087685,195.15921798593763,196.0830614631068,197.00690494027592,197.93074841744505,198.8545918946142,1925-10-23,23,0.988,169.05535277838638,10,1925,0.923843477169137,164.67238323935612,1925
1925-10-24,170.97818892923533,171.483085394717,171.9879818601987,172.49287832568035,172.99777479116204,173.5026712566437,174.0075677221254,174.51246418760707,175.01736065308876,175.52225711857042,176.02715358405212,176.53205004953378,177.03694651501547,177.54184298049714,178.04673944597883,178.5516359114605,179.0565323769422,179.56142884242385,180.06632530790554,180.5712217733872,181.0761182388689,181.58101470435057,182.08591116983226,182.59080763531392,183.09570410079561,183.60060056627728,184.10549703175897,184.61039349724064,185.11528996272233,185.620186428204,1925-10-24,24,0.988,169.05535277838638,10,1925,0.5048964654816783,166.9390172053819,1925
1925-10-25,166.93901720538196,166.4341207399003,165.92922427441863,165.42432780893697,164.9194313434553,164.41453487797364,163.90963841249197,163.40474194701034,162.89984548152867,162.394949016047,161.89005255056534,161.38515608508368,160.88025961960201,160.37536315412035,159.8704666886387,159.36557022315702,158.86067375767536,158.35577729219372,157.85088082671206,157.3459843612304,156.84108789574873,156.33619143026706,155.8312949647854,155.32639849930374,154.82150203382207,154.3166055683404,153.81170910285874,153.3068126373771,152.80191617189544,152.29701970641378,1925-10-25,25,0.99,164.91943134345516,10,1925,-0.5048964654816614,170.97818892923524,1925
1925-10-26,164.6723832393562,163.74853976218708,162.82469628501798,161.90085280784885,160.97700933067972,160.0531658535106,159.1293223763415,158.20547889917236,157.28163542200323,156.3577919448341,155.433948467665,154.51010499049588,153.58626151332675,152.66241803615765,151.73857455898852,150.8147310818194,149.89088760465026,148.96704412748113,148.04320065031203,147.1193571731429,146.19551369597377,145.27167021880467,144.34782674163554,143.42398326446641,142.5001397872973,141.57629631012819,140.65245283295906,139.72860935578993,138.8047658786208,137.8809224014517,1925-10-26,26,0.99,164.91943134345516,10,1925,-0.9238434771691214,172.06313105670918,1925
1925-10-27,163.00446312511113,161.81085935341815,160.6172555817252,159.42365181003225,158.23004803833928,157.0364442666463,155.84284049495335,154.6492367232604,153.45563295156742,152.26202917987445,151.0684254081815,149.87482163648855,148.68121786479557,147.4876140931026,146.29401032140964,145.1004065497167,143.90680277802372,142.71319900633074,141.5195952346378,140.32599146294484,139.13238769125186,137.9387839195589,136.74518014786594,135.551576376173,134.35797260448,133.16436883278703,131.97076506109408,130.77716128940114,129.58355751770816,128.38995374601518,1925-10-27,27,0.99,164.93320022533834,10,1925,-1.1936037716929633,172.55329329865484,1925
1925-10-28,160.984080796026,159.5995185435794,158.21495629113275,156.8303940386861,155.4458317862395,154.06126953379285,152.67670728134624,151.2921450288996,149.90758277645295,148.52302052400634,147.1384582715597,145.75389601911309,144.36933376666644,142.9847715142198,141.6002092617732,140.21564700932655,138.83108475687993,137.4465225044333,136.06196025198665,134.67739799954003,133.2928357470934,131.90827349464678,130.52371124220014,129.1391489897535,127.75458673730688,126.37002448486024,124.98546223241361,123.60089997996698,122.21633772752034,120.83177547507373,1925-10-28,28,0.992,161.98885066458666,10,1925,-1.3845622524466308,172.06057881559906,1925
1925-10-29,160.22024687301143,158.95886324132874,157.69747960964605,156.43609597796336,155.17471234628067,153.91332871459798,152.65194508291532,151.39056145123263,150.12917781954994,148.86779418786725,147.60641055618456,146.3450269245019,145.0836432928192,143.8222596611365,142.56087602945382,141.29949239777113,140.03810876608844,138.77672513440578,137.5153415027231,136.2539578710404,134.9925742393577,133.73119060767505,132.46980697599236,131.20842334430967,129.94703971262697,128.68565608094428,127.42427244926161,126.16288881757892,124.90150518589624,123.64012155421355,1925-10-29,29,0.992,161.98885066458666,10,1925,-1.2613836316826852,170.3113159264729,1925
1925-10-30,159.57892772120152,158.43414495971976,157.289362198238,156.14457943675623,154.99979667527447,153.85501391379273,152.71023115231094,151.5654483908292,150.42066562934744,149.27588286786568,148.1311001063839,146.98631734490215,145.84153458342038,144.69675182193862,143.55196906045686,142.4071862989751,141.26240353749333,140.11762077601156,138.9728380145298,137.82805525304803,136.68327249156627,135.5384897300845,134.39370696860274,133.24892420712098,132.10414144563921,130.95935868415745,129.8145759226757,128.66979316119392,127.52501039971217,126.38022763823041,1925-10-30,30,0.992,161.30129435009158,10,1925,-1.144782761481763,168.73718981305564,1925
1925-10-31,160.04533120200514,159.29407996887767,158.54282873575022,157.79157750262274,157.04032626949527,156.28907503636782,155.53782380324034,154.7865725701129,154.03532133698542,153.28407010385794,152.5328188707305,151.78156763760302,151.03031640447554,150.2790651713481,149.52781393822062,148.77656270509317,148.0253114719657,147.27406023883822,146.52280900571077,145.7715577725833,145.02030653945582,144.26905530632837,143.5178040732009,142.76655284007342,142.01530160694597,141.2640503738185,140.51279914069104,139.76154790756357,139.0102966744361,138.25904544130864,1925-10-31,31,0.992,161.30129435009158,10,1925,-0.7512512331274658,166.05534106702487,1925
1925-11-01,160.2398088801633,159.64184066224925,159.0438724443352,158.44590422642113,157.84793600850708,157.24996779059302,156.65199957267896,156.0540313547649,155.45606313685084,154.85809491893679,154.26012670102273,153.66215848310867,153.0641902651946,152.46622204728055,151.8682538293665,151.27028561145244,150.67231739353835,150.0743491756243,149.47638095771023,148.87841273979618,148.28044452188212,147.68247630396806,147.084508086054,146.48653986813994,145.88857165022588,145.29060343231183,144.69263521439777,144.0946669964837,143.49669877856965,142.89873056065557,1925-11-01,1,0.992,161.98885066458666,11,1925,-0.5979682179140601,165.0235546234758,1925
1925-11-02,160.8529409410169,160.5129193339901,160.17289772696336,159.83287611993657,159.4928545129098,159.152832905883,158.81281129885622,158.47278969182943,158.13276808480268,157.7927464777759,157.4527248707491,157.11270326372232,156.77268165669554,156.43266004966875,156.092638442642,155.7526168356152,155.41259522858843,155.07257362156165,154.73255201453486,154.39253040750808,154.0525088004813,153.71248719345454,153.37246558642775,153.03244397940097,152.69242237237418,152.3524007653474,152.0123791583206,151.67235755129386,151.33233594426707,150.9923143372403,1925-11-02,2,0.992,161.98885066458666,11,1925,-0.34002160702677997,163.57311379723114,1925
1925-11-03,163.57311379723123,163.91313540425804,164.25315701128483,164.5931786183116,164.9332002253384,165.27322183236518,165.61324343939197,165.95326504641878,166.29328665344556,166.63330826047235,166.97332986749913,167.31335147452592,167.6533730815527,167.9933946885795,168.3334162956063,168.67343790263308,169.01345950965987,169.35348111668665,169.69350272371344,170.03352433074025,170.37354593776703,170.71356754479382,171.0535891518206,171.3936107588474,171.7336323658742,172.07365397290098,172.41367557992777,172.75369718695455,173.09371879398134,173.43374040100812,1925-11-03,3,0.99,164.93320022533834,11,1925,0.3400216070267894,160.85294094101693,1925
1925-11-04,165.02355462347592,165.62152284139,166.2194910593041,166.81745927721815,167.41542749513223,168.01339571304632,168.6113639309604,169.20933214887447,169.80730036678855,170.40526858470264,171.00323680261673,171.6012050205308,172.19917323844487,172.79714145635896,173.39510967427304,173.9930778921871,174.5910461101012,175.18901432801528,175.78698254592936,176.38495076384345,176.9829189817575,177.5808871996716,178.17885541758568,178.77682363549977,179.37479185341383,179.9727600713279,180.570728289242,181.16869650715608,181.76666472507014,182.36463294298423,1925-11-04,4,0.99,164.91943134345516,11,1925,0.5979682179140798,160.23980888016328,1925
1925-11-05,166.0553410670251,166.8065923001526,167.55784353328008,168.30909476640758,169.0603459995351,169.8115972326626,170.5628484657901,171.3140996989176,172.06535093204508,172.81660216517258,173.5678533983001,174.3191046314276,175.0703558645551,175.8216070976826,176.5728583308101,177.32410956393758,178.0753607970651,178.8266120301926,179.5778632633201,180.3291144964476,181.0803657295751,181.83161696270258,182.5828681958301,183.3341194289576,184.0853706620851,184.8366218952126,185.5878731283401,186.3391243614676,187.0903755945951,187.8416268277226,1925-11-05,5,0.99,164.91943134345516,11,1925,0.7512512331275003,160.0453312020051,1925
1925-11-06,168.73718981305578,169.88197257453757,171.02675533601936,172.17153809750113,173.31632085898292,174.4611036204647,175.6058863819465,176.7506691434283,177.89545190491006,179.04023466639185,180.18501742787365,181.32980018935544,182.4745829508372,183.619365712319,184.7641484738008,185.90893123528258,187.05371399676437,188.19849675824614,189.34327951972793,190.48806228120972,191.6328450426915,192.77762780417328,193.92241056565507,195.06719332713686,196.21197608861866,197.35675885010045,198.5015416115822,199.646324373064,200.7911071345458,201.93588989602756,1925-11-06,6,0.988,169.05535277838638,11,1925,1.144782761481786,159.5789277212015,1925
1925-11-07,170.31131592647296,171.57269955815565,172.83408318983837,174.09546682152106,175.35685045320378,176.61823408488647,177.8796177165692,179.1410013482519,180.4023849799346,181.66376861161731,182.9251522433,184.18653587498272,185.44791950666541,186.70930313834813,187.97068677003085,189.23207040171354,190.49345403339626,191.75483766507895,193.01622129676167,194.27760492844436,195.53898856012708,196.8003721918098,198.0617558234925,199.3231394551752,200.5845230868579,201.84590671854062,203.1072903502233,204.36867398190603,205.63005761358875,206.89144124527144,1925-11-07,7,0.988,169.05535277838638,11,1925,1.2613836316827067,160.2202468730113,1925
1925-11-08,172.06057881559911,173.44514106804576,174.8297033204924,176.21426557293904,177.59882782538568,178.9833900778323,180.36795233027894,181.75251458272558,183.13707683517222,184.52163908761884,185.90620134006548,187.29076359251212,188.67532584495876,190.0598880974054,191.44445034985202,192.82901260229866,194.2135748547453,195.59813710719195,196.98269935963856,198.3672616120852,199.75182386453184,201.13638611697849,202.52094836942513,203.90551062187177,205.29007287431838,206.67463512676503,208.05919737921167,209.44375963165828,210.82832188410492,212.21288413655157,1925-11-08,8,0.986,170.78468950707952,11,1925,1.384562252446636,160.98408079602603,1925
1925-11-09,174.06336436270647,175.54010645890912,177.01684855511178,178.49359065131443,179.9703327475171,181.44707484371975,182.9238169399224,184.40055903612506,185.87730113232772,187.35404322853037,188.83078532473303,190.30752742093568,191.78426951713834,193.261011613341,194.73775370954365,196.2144958057463,197.69123790194897,199.16797999815162,200.64472209435428,202.12146419055694,203.5982062867596,205.07494838296225,206.5516904791649,208.02843257536756,209.50517467157022,210.98191676777287,212.45865886397553,213.93540096017819,215.41214305638084,216.8888851525835,1925-11-09,9,0.985,173.4273138691697,11,1925,1.4767420962026565,162.24942759308522,1925
1925-11-10,178.66101115898385,180.79836229495368,182.9357134309235,185.07306456689332,187.21041570286314,189.34776683883294,191.48511797480276,193.62246911077258,195.7598202467424,197.89717138271223,200.03452251868205,202.17187365465188,204.3092247906217,206.44657592659152,208.58392706256134,210.72127819853117,212.858629334501,214.9959804704708,217.13333160644063,219.27068274241046,221.40803387838028,223.5453850143501,225.6827361503199,227.82008728628972,229.95743842225954,232.09478955822937,234.2321406941992,236.369491830169,238.50684296613883,240.64419410210866,1925-11-10,10,0.981,178.61967468579937,11,1925,2.1373511359698214,161.56220207122527,1925
1925-11-11,181.29754636867403,183.60473690198268,185.91192743529135,188.2191179686,190.52630850190863,192.8334990352173,195.14068956852594,197.44788010183458,199.75507063514323,202.06226116845187,204.36945170176054,206.67664223506918,208.98383276837782,211.2910233016865,213.59821383499514,215.90540436830378,218.21259490161242,220.5197854349211,222.82697596822973,225.13416650153837,227.44135703484704,229.7485475681557,232.05573810146433,234.36292863477297,236.6701191680816,238.97730970139028,241.28450023469892,243.5916907680076,245.89888130131624,248.20607183462488,1925-11-11,11,0.981,178.61967468579937,11,1925,2.3071905333086495,162.84002210220484,1925
1925-11-12,181.97690395802937,183.96463948359315,185.9523750091569,187.94011053472067,189.92784606028442,191.9155815858482,193.90331711141195,195.8910526369757,197.87878816253948,199.86652368810323,201.854259213667,203.84199473923076,205.82973026479453,207.81746579035828,209.80520131592203,211.7929368414858,213.78067236704956,215.76840789261334,217.7561434181771,219.74387894374087,221.73161446930462,223.71934999486837,225.70708552043214,227.6948210459959,229.68255657155967,231.67029209712342,233.6580276226872,235.64576314825095,237.6334986738147,239.62123419937848,1925-11-12,12,0.981,178.61967468579937,11,1925,1.9877355255637619,166.07501975351929,1925
1925-11-13,184.45676558031096,186.59881209271578,188.7408586051206,190.88290511752538,193.0249516299302,195.16699814233502,197.30904465473984,199.45109116714465,201.59313767954944,203.73518419195426,205.87723070435908,208.0192772167639,210.1613237291687,212.30337024157353,214.44541675397835,216.58746326638317,218.72950977878796,220.87155629119277,223.0136028035976,225.1556493160024,227.2976958284072,229.43974234081202,231.58178885321684,233.72383536562165,235.86588187802647,238.0079283904313,240.1499749028361,242.29202141524092,244.43406792764574,246.57611444005053,1925-11-13,13,0.98,182.09367650280808,11,1925,2.1420465124048134,167.32039348107244,1925
1925-11-14,185.96212053298967,187.9593444270027,189.95656832101568,191.95379221502867,193.95101610904166,195.94824000305465,197.94546389706764,199.94268779108063,201.93991168509365,203.93713557910664,205.93435947311963,207.93158336713262,209.9288072611456,211.92603115515863,213.9232550491716,215.9204789431846,217.9177028371976,219.91492673121058,221.91215062522357,223.90937451923656,225.90659841324958,227.90382230726257,229.90104620127556,231.89827009528855,233.89549398930154,235.89271788331456,237.88994177732752,239.88716567134054,241.88438956535353,243.88161345936652,1925-11-14,14,0.9790000000000001,183.64787076210843,11,1925,1.9972238940129945,169.98432938088573,1925
1925-11-15,188.60370471277895,190.6469421748863,192.69017963699363,194.73341709910096,196.77665456120832,198.81989202331565,200.863129485423,202.90636694753033,204.9496044096377,206.99284187174501,209.03607933385234,211.0793167959597,213.12255425806703,215.16579172017435,217.2090291822817,219.25226664438904,221.2955041064964,223.33874156860372,225.38197903071108,227.4252164928184,229.46845395492574,231.5116914170331,233.55492887914042,235.59816634124775,237.6414038033551,239.68464126546246,241.7278787275698,243.77111618967712,245.81435365178447,247.8575911138918,1925-11-15,15,0.976,187.9873988589625,11,1925,2.0432374621073395,172.25780501592024,1925
1925-11-16,192.109399848214,194.37224008601666,196.63508032381935,198.89792056162202,201.1607607994247,203.4236010372274,205.68644127503006,207.94928151283275,210.21212175063542,212.4749619884381,214.73780222624077,217.00064246404347,219.26348270184616,221.52632293964882,223.7891631774515,226.05200341525418,228.31484365305687,230.57768389085953,232.84052412866222,235.10336436646492,237.36620460426758,239.62904484207027,241.89188507987296,244.15472531767563,246.4175655554783,248.68040579328098,250.94324603108367,253.20608626888634,255.46892650668903,257.7317667444917,1925-11-16,16,0.972,191.81830209774586,11,1925,2.26284023780268,174.00667794579255,1925
1925-11-17,198.10829915245822,201.21853524660642,204.32877134075466,207.43900743490286,210.54924352905107,213.6594796231993,216.7697157173475,219.87995181149574,222.99018790564395,226.10042399979216,229.21066009394036,232.3208961880886,235.4311322822368,238.54136837638504,241.65160447053324,244.76184056468145,247.87207665882966,250.9823127529779,254.09254884712612,257.20278494127433,260.31302103542254,263.42325712957074,266.533493223719,269.64372931786716,272.7539654120154,275.8642015061636,278.97443760031183,282.08467369446004,285.19490978860824,288.3051458827565,1925-11-17,17,0.9670000000000001,196.88488583783368,11,1925,3.1102360941482163,173.22641039927248,1925
1925-11-18,203.5312436768517,207.21780186369458,210.90436005053743,214.59091823738032,218.27747642422318,221.96403461106604,225.65059279790893,229.3371509847518,233.02370917159465,236.71026735843753,240.39682554528042,244.08338373212325,247.76994191896614,251.45650010580903,255.1430582926519,258.82961647949475,262.51617466633763,266.20273285318046,269.88929104002335,273.57584922686624,277.2624074137091,280.948965600552,284.63552378739485,288.32208197423773,292.0086401610806,295.69519834792345,299.38175653476634,303.0683147216092,306.75487290845206,310.44143109529494,1925-11-18,18,0.965,200.4432677611032,11,1925,3.6865581868428707,174.03877818210873,1925
1925-11-19,205.83653204763021,209.319998288764,212.8034645298978,216.2869307710316,219.7703970121654,223.2538632532992,226.73732949443297,230.22079573556678,233.70426197670056,237.18772821783438,240.67119445896816,244.15466070010194,247.63812694123575,251.12159318236954,254.60505942350335,258.08852566463713,261.5719919057709,265.0554581469047,268.5389243880385,272.0223906291723,275.5058568703061,278.9893231114399,282.47278935257367,285.9562555937075,289.4397218348413,292.9231880759751,296.40665431710886,299.89012055824264,303.3735867993764,306.8570530405102,1925-11-19,19,0.965,200.4432677611032,11,1925,3.483466241133794,177.96880211855986,1925
1925-11-20,209.07041687228886,212.54717460677824,216.0239323412676,219.50069007575695,222.9774478102463,226.45420554473566,229.930963279225,233.40772101371437,236.88447874820375,240.3612364826931,243.83799421718246,247.31475195167184,250.7915096861612,254.26826742065055,257.7450251551399,261.22178288962925,264.6985406241186,268.17529835860796,271.6520560930973,275.12881382758667,278.6055715620761,282.0823292965654,285.5590870310548,289.03584476554414,292.5126025000335,295.98936023452285,299.4661179690122,302.94287570350156,306.4196334379909,309.89639117248026,1925-11-20,20,0.957,204.9187084614628,11,1925,3.4767577344893588,181.256354996374,1925
1925-11-21,209.79318992067658,212.68574790347472,215.57830588627286,218.47086386907097,221.3634218518691,224.25597983466724,227.14853781746538,230.04109580026352,232.93365378306166,235.8262117658598,238.7187697486579,241.61132773145604,244.50388571425418,247.39644369705232,250.28900167985046,253.1815596626486,256.07411764544673,258.96667562824484,261.859233611043,264.7517915938411,267.64434957663923,270.5369075594374,273.42946554223556,276.32202352503367,279.2145815078318,282.10713949062995,284.99969747342806,287.89225545622617,290.78481343902433,293.6773714218225,1925-11-21,21,0.955,205.06487514817712,11,1925,2.892557982798134,186.6527260582915,1925
1925-11-22,209.3161886697062,211.47958647228978,213.64298427487336,215.80638207745696,217.96977988004053,220.13317768262414,222.2965754852077,224.45997328779129,226.6233710903749,228.7867688929585,230.95016669554207,233.11356449812564,235.27696230070924,237.44036010329282,239.60375790587642,241.76715570846,243.93055351104357,246.09395131362717,248.25734911621078,250.42074691879435,252.58414472137792,254.74754252396153,256.9109403265451,259.0743381291287,261.2377359317123,263.40113373429585,265.5645315368795,267.72792933946306,269.89132714204663,272.0547249446302,1925-11-22,22,0.955,205.06487514817712,11,1925,2.163397802583587,192.0090062490375,1925
1925-11-23,213.5909997515147,216.00315617183574,218.4153125921568,220.82746901247785,223.2396254327989,225.65178185311996,228.063938273441,230.4760946937621,232.88825111408312,235.3004075344042,237.71256395472523,240.1247203750463,242.53687679536733,244.94903321568842,247.36118963600947,249.77334605633052,252.18550247665158,254.59765889697263,257.00981531729366,259.42197173761474,261.83412815793577,264.24628457825685,266.65844099857793,269.07059741889896,271.48275383922,273.89491025954106,276.30706667986215,278.71922310018317,281.1313795205042,283.5435359408253,1925-11-23,23,0.9359999999999999,214.77673837375613,11,1925,2.412156420321055,194.29374838894626,1925
1925-11-24,232.3763624286671,237.86968133642947,243.36300024419182,248.85631915195415,254.3496380597165,259.84295696747887,265.3362758752412,270.82959478300353,276.32291369076586,281.81623259852825,287.3095515062906,292.8028704140529,298.2961893218153,303.7895082295776,309.28282713733995,314.77614604510234,320.26946495286467,325.762783860627,331.2561027683894,336.74942167615166,342.24274058391404,347.7360594916764,353.2293783994387,358.7226973072011,364.2160162149634,369.70933512272575,375.20265403048813,380.69597293825046,386.1892918460128,391.6826107537752,1925-11-24,24,0.895,242.109874929545,11,1925,5.493318907762346,188.42981116656836,1925
1925-11-25,248.2839269347141,256.1374254975781,263.99092406044207,271.84442262330606,279.69792118617005,287.55141974903404,295.40491831189803,303.258416874762,311.111915437626,318.96541400049,326.818912563354,334.672411126218,342.52590968908197,350.37940825194596,358.23290681480995,366.08640537767394,373.9399039405379,381.7934025034019,389.64690106626585,397.5003996291299,405.35389819199384,413.2073967548579,421.0608953177218,428.91439388058586,436.7678924434498,444.62139100631384,452.4748895691778,460.3283881320418,468.18188669490576,476.0353852577698,1925-11-25,25,0.884,245.7111889605859,11,1925,7.853498562863988,185.4559384318022,1925
1925-11-26,263.4805207021172,273.15671403873455,282.8329073753519,292.50910071196927,302.1852940485866,311.861487385204,321.5376807218214,331.2138740584387,340.8900673950561,350.5662607316734,360.24245406829084,369.9186474049082,379.59484074152556,389.2710340781429,398.9472274147603,408.62342075137764,418.299614087995,427.9758074246124,437.6520007612297,447.32819409784713,457.0043874344645,466.68058077108185,476.3567741076992,486.03296744431657,495.7091607809339,505.3853541175513,515.0615474541687,524.737740790786,534.4139341274033,544.0901274640207,1925-11-26,26,0.862,255.7839704678297,11,1925,9.676193336617365,186.07097400917826,1925
1925-11-27,292.1405122706182,305.94938909544294,319.7582659202677,333.56714274509244,347.37601956991716,361.18489639474194,374.99377321956666,388.8026500443914,402.61152686921616,416.42040369404094,430.22928051886566,444.0381573436904,457.84703416851517,471.65591099333994,485.4647878181646,499.2736646429894,513.0825414678142,526.8914182926388,540.7002951174636,554.5091719422884,568.318048767113,582.1269255919378,595.9358024167626,609.7446792415874,623.553556066412,637.3624328912368,651.1713097160616,664.9801865408863,678.7890633657111,692.5979401905358,1925-11-27,27,0.8,289.82351177116294,11,1925,13.808876824824745,181.66949767202024,1925
1925-11-28,293.4731900440977,305.5419358375035,317.6106816309093,329.67942742431507,341.7481732177208,353.81691901112663,365.88566480453244,377.9544105979382,390.02315639134395,402.09190218474976,414.16064797815557,426.2293937715613,438.2981395649671,450.3668853583729,462.4356311517787,474.5043769451844,486.5731227385902,498.641868531996,510.7106143254018,522.7793601188075,534.8481059122133,546.9168517056191,558.985597499025,571.0543432924306,583.1230890858365,595.1918348792423,607.2605806726481,619.3293264660538,631.3980722594596,643.4668180528654,1925-11-28,28,0.852,263.11728844226485,11,1925,12.068745793405782,196.92322369685147,1925
1925-11-29,283.66761774114093,291.38948549509877,299.1113532490566,306.8332210030144,314.5550887569722,322.27695651093006,329.99882426488784,337.7206920188457,345.44255977280346,353.1644275267613,360.8862952807191,368.6081630346769,376.33003078863476,384.05189854259254,391.7737662965504,399.4956340505082,407.217501804466,414.9393695584238,422.6612373123817,430.38310506633945,438.10497282029723,445.8268405742551,453.5487083282129,461.2705760821707,468.99244383612853,476.71431159008637,484.43617934404415,492.15804709800193,499.8799148519598,507.6017826059176,1925-11-29,29,0.861,258.13845413202347,11,1925,7.721867753957816,221.89267570947843,1925
1925-11-30,277.9301942432878,282.20108206942604,286.47196989556426,290.74285772170253,295.0137455478408,299.28463337397903,303.55552120011725,307.82640902625553,312.09729685239375,316.36818467853203,320.63907250467025,324.90996033080853,329.18084815694675,333.451735983085,337.72262380922325,341.99351163536153,346.26439946149975,350.53528728763797,354.80617511377625,359.07706293991447,363.34795076605275,367.61883859219097,371.88972641832925,376.16061424446747,380.4315020706057,384.70238989674397,388.97327772288224,393.24416554902047,397.5150533751587,401.78594120129696,1925-11-30,30,0.841,271.2422118677317,11,1925,4.270887826138247,243.76309163418182,1925
1925-12-01,275.8404759130619,278.54849355170836,281.2565111903549,283.96452882900144,286.672546467648,289.38056410629446,292.088581744941,294.79659938358753,297.504617022234,300.21263466088055,302.9206522995271,305.62866993817363,308.3366875768201,311.04470521546665,313.7527228541132,316.46074049275967,319.1687581314062,321.87677577005275,324.5847934086993,327.2928110473458,330.0008286859923,332.70884632463884,335.4168639632853,338.12488160193186,340.8328992405784,343.54091687922494,346.2489345178715,348.95695215651796,351.6649697951645,354.372987433811,1925-12-01,1,0.841,271.2422118677317,12,1925,2.7080176386465222,254.1763348038897,1925
1925-12-02,272.10642475805486,272.9082317802694,273.71003880248395,274.5118458246985,275.3136528469131,276.1154598691277,276.91726689134225,277.7190739135568,278.5208809357714,279.322687957986,280.12449498020055,280.9263020024151,281.7281090246297,282.5299160468443,283.33172306905885,284.1335300912734,284.935337113488,285.7371441357026,286.53895115791715,287.3407581801317,288.14256520234625,288.9443722245608,289.7461792467754,290.54798626899,291.34979329120455,292.1516003134191,292.9534073356337,293.7552143578483,294.55702138006285,295.3588284022774,1925-12-02,2,0.833,272.9467281356309,12,1925,0.8018070222145719,265.69196858033825,1925
1925-12-03,268.79848865257446,268.16035601742607,267.5222233822777,266.8840907471293,266.2459581119808,265.60782547683243,264.96969284168404,264.33156020653564,263.69342757138725,263.0552949362388,262.4171623010904,261.779029665942,261.1408970307936,260.50276439564516,259.86463176049676,259.22649912534837,258.5883664902,257.9502338550516,257.3121012199031,256.67396858475473,256.03583594960634,255.39770331445794,254.75957067930952,254.12143804416112,253.4833054090127,252.8451727738643,252.20704013871588,251.5689075035675,250.93077486841906,250.29264223327067,1925-12-03,3,0.833,272.9467281356309,12,1925,-0.6381326351484071,273.90354973376174,1925
1925-12-04,277.6271048674082,279.7988685586658,281.97063224992337,284.14239594118095,286.31415963243853,288.4859233236961,290.6576870149537,292.8294507062113,295.00121439746886,297.17297808872644,299.344741779984,301.5165054712416,303.6882691624992,305.8600328537568,308.03179654501434,310.203560236272,312.37532392752956,314.54708761878715,316.7188513100447,318.8906150013023,321.0623786925599,323.23414238381747,325.40590607507505,327.57766976633263,329.7494334575902,331.9211971488478,334.09296084010543,336.26472453136296,338.4364882226206,340.6082519138781,1925-12-04,4,0.833,272.9467281356309,12,1925,2.1717636912575853,260.2529953373475,1925
1925-12-05,278.3453175993752,280.2878235741196,282.23032954886395,284.1728355236083,286.1153414983527,288.057847473097,290.00035344784135,291.9428594225857,293.8853653973301,295.8278713720744,297.77037734681875,299.71288332156314,301.6553892963075,303.5978952710518,305.54040124579615,307.48290722054054,309.4254131952849,311.3679191700292,313.3104251447736,315.25293111951794,317.1954370942623,319.1379430690066,321.080449043751,323.02295501849534,324.9654609932397,326.90796696798407,328.8504729427284,330.79297891747274,332.7354848922171,334.67799086696147,1925-12-05,5,0.8290000000000001,274.56399362840483,12,1925,1.942505974744352,262.8052698014204,1925
1925-12-06,279.30680095067856,280.6522825807689,281.9977642108592,283.3432458409495,284.68872747103984,286.03420910113016,287.3796907312205,288.7251723613108,290.0706539914011,291.41613562149143,292.76161725158175,294.1070988816721,295.4525805117624,296.7980621418527,298.1435437719431,299.4890254020334,300.8345070321237,302.17998866221404,303.52547029230436,304.8709519223947,306.216433552485,307.5619151825753,308.90739681266564,310.25287844275596,311.5983600728463,312.9438417029366,314.2893233330269,315.6348049631173,316.98028659320755,318.3257682232979,1925-12-06,6,0.8200000000000001,281.5855192414594,12,1925,1.345481630090323,268.54294790995596,1925
1925-12-07,283.5262559260463,285.4952189538565,287.46418198166674,289.4331450094769,291.4021080372871,293.37107106509734,295.3400340929075,297.3089971207177,299.27796014852794,301.2469231763381,303.2158862041483,305.18484923195854,307.1538122597687,309.1227752875789,311.09173831538914,313.0607013431993,315.0296643710095,316.99862739881974,318.9675904266299,320.9365534544401,322.90551648225033,324.8744795100605,326.8434425378707,328.81240556568093,330.7813685934911,332.7503316213013,334.7192946491115,336.6882576769217,338.6572207047319,340.62618373254213,1925-12-07,7,0.8140000000000001,283.3209175591498,12,1925,1.9689630278101995,267.7745517035647,1925
1925-12-08,289.7359496380761,292.5937182401998,295.45148684232345,298.3092554444471,301.16702404657076,304.0247926486944,306.88256125081807,309.7403298529417,312.59809845506544,315.4558670571891,318.31363565931275,321.1714042614364,324.02917286356006,326.8869414656838,329.74471006780743,332.6024786699311,335.46024727205474,338.3180158741784,341.17578447630206,344.0335530784257,346.89132168054937,349.7490902826731,352.60685888479674,355.4646274869204,358.32239608904405,361.18016469116776,364.0379332932914,366.8957018954151,369.75347049753873,372.6112390996624,1925-12-08,8,0.8,289.82351177116294,12,1925,2.8577686021236652,266.8738008210868,1925
1925-12-09,301.3644027074717,306.0676220667351,310.7708414259986,315.47406078526205,320.17728014452547,324.8804995037889,329.58371886305235,334.2869382223158,338.99015758157924,343.69337694084265,348.3965963001061,353.0998156593696,357.803035018633,362.5062543778964,367.2094737371599,371.91269309642337,376.6159124556868,381.3191318149502,386.02235117421367,390.72557053347714,395.42878989274055,400.13200925200397,404.83522861126744,409.5384479705309,414.2416673297943,418.94488668905774,423.6481060483212,428.3513254075847,433.0545447668481,437.7577641261115,1925-12-09,9,0.7809999999999999,302.6732784214865,12,1925,4.703219359263443,263.73864783336415,1925
1925-12-10,311.5792920435015,317.5975033323464,323.6157146211912,329.63392591003606,335.6521371988809,341.67034848772573,347.68855977657057,353.7067710654154,359.72498235426025,365.7431936431051,371.7614049319499,377.77961622079476,383.7978275096396,389.81603879848444,395.83425008732934,401.8524613761741,407.870672665019,413.8888839538638,419.9070952427087,425.9253065315535,431.94351782039837,437.9617291092432,443.97994039808805,449.9981516869329,456.0163629757777,462.03457426462256,468.0527855534674,474.07099684231224,480.0892081311571,486.107419420002,1925-12-10,10,0.774,307.6311794595605,12,1925,6.018211288844842,263.4336017327428,1925
1925-12-11,316.8392597618273,322.93373257582755,329.0282053898278,335.12267820382806,341.2171510178283,347.3116238318285,353.40609664582877,359.500569459829,365.5950422738292,371.6895150878295,377.78398790182973,383.87846071583,389.97293352983024,396.0674063438305,402.1618791578307,408.25635197183095,414.3508247858312,420.4452975998314,426.53977041383166,432.6342432278319,438.7287160418322,444.8231888558324,450.9176616698327,457.0121344838329,463.10660729783314,469.2010801118334,475.2955529258336,481.39002573983385,487.4844985538341,493.57897136783436,1925-12-11,11,0.774,307.6311794595605,12,1925,6.094472814000243,268.08347724982536,1925
1925-12-12,322.1444484395429,328.11505820077593,334.085667962009,340.05627772324203,346.02688748447514,351.9974972457082,357.9681070069413,363.93871676817434,369.9093265294074,375.87993629064044,381.85054605187355,387.8211558131066,393.7917655743397,399.76237533557276,405.7329850968058,411.70359485803885,417.67420461927196,423.644814380505,429.6154241417381,435.58603390297117,441.5566436642042,447.52725342543727,453.4978631866704,459.4684729479034,465.4390827091365,471.4096924703696,477.3803022316026,483.3509119928357,489.3215217540688,495.29213151530183,1925-12-12,12,0.765,315.16847984989465,12,1925,5.970609761233068,274.3795703496783,1925
1925-12-13,326.3845228770194,332.10786596070733,337.8312090443953,343.55455212808323,349.2778952117712,355.00123829545913,360.7245813791471,366.44792446283503,372.171267546523,377.89461063021093,383.6179537138989,389.34129679758684,395.0646398812748,400.78798296496274,406.5113260486507,412.2346691323386,417.95801221602653,423.6813552997145,429.40469838340243,435.1280414670904,440.85138455077833,446.5747276344663,452.29807071815424,458.0214138018422,463.74475688553014,469.4680999692181,475.19144305290604,480.914786136594,486.63812922028194,492.3614723039699,1925-12-13,13,0.759,318.18950727505813,12,1925,5.72334308368795,280.5977782075158,1925
1925-12-14,327.95971993702665,332.71777290802106,337.4758258790155,342.23387885000994,346.99193182100436,351.7499847919988,356.50803776299324,361.26609073398765,366.0241437049821,370.7821966759766,375.540249646971,380.2983026179654,385.0563555889599,389.8144085599543,394.5724615309488,399.3305145019432,404.0885674729376,408.84662044393207,413.60467341492654,418.36272638592095,423.12077935691536,427.8788323279098,432.63688529890425,437.3949382698987,442.15299124089313,446.91104421188754,451.669097182882,456.4271501538765,461.1852031248709,465.9432560958653,1925-12-14,14,0.7559999999999999,321.37542013461825,12,1925,4.758052970994438,289.8952961690711,1925
1925-12-15,331.9379654278809,336.24793966079267,340.55791389370444,344.8678881266162,349.177862359528,353.48783659243975,357.7978108253515,362.1077850582633,366.417759291175,370.72773352408683,375.03770775699854,379.3476819899103,383.6576562228221,387.96763045573385,392.2776046886456,396.5875789215574,400.89755315446916,405.20752738738094,409.5175016202927,413.8274758532044,418.13745008611625,422.44742431902796,426.75739855193973,431.0673727848515,435.37734701776327,439.68732125067504,443.9972954835868,448.3072697164986,452.6172439494103,456.9272181823221,1925-12-15,15,0.7440000000000001,330.2174348734584,12,1925,4.309974232911765,297.4581715645868,1925
1925-12-16,336.1874676055034,340.5426741170476,344.8978806285919,349.2530871401362,353.60829365168047,357.9635001632247,362.318706674769,366.67391318631326,371.0291196978575,375.38432620940176,379.73953272094604,384.09473923249027,388.44994574403455,392.80515225557883,397.16035876712306,401.51556527866734,405.8707717902116,410.22597830175584,414.5811848133001,418.9363913248444,423.2915978363887,427.64680434793297,432.0020108594772,436.3572173710215,440.71242388256576,445.06763039411,449.42283690565426,453.77804341719855,458.13324992874277,462.48845644028705,1925-12-16,16,0.741,331.15328986313364,12,1925,4.355206511544265,301.34581551314926,1925
1925-12-17,340.4395927706585,344.896106369434,349.35261996820947,353.80913356698494,358.26564716576047,362.72216076453594,367.1786743633114,371.6351879620869,376.09170156086236,380.5482151596379,385.00472875841336,389.46124235718884,393.91775595596437,398.37426955473984,402.8307831535153,407.2872967522908,411.74381035106626,416.20032394984173,420.65683754861726,425.11335114739273,429.5698647461682,434.02637834494374,438.4828919437192,442.9394055424947,447.39591914127016,451.85243274004563,456.3089463388211,460.7654599375966,465.2219735363721,469.6784871351476,1925-12-17,17,0.7340000000000001,334.5594571731722,12,1925,4.456513598775485,304.7874839804546,1925
1925-12-18,342.45979360079735,346.35869742297416,350.2576012451509,354.15650506732766,358.05540888950446,361.9543127116812,365.853216533858,369.75212035603477,373.6510241782115,377.5499280003883,381.44883182256507,385.3477356447419,389.2466394669186,393.1455432890954,397.0444471112721,400.9433509334489,404.84225475562573,408.7411585778025,412.64006239997923,416.538966222156,420.4378700443328,424.33677386650953,428.23567768868634,432.1345815108631,436.03348533303983,439.93238915521664,443.83129297739345,447.7301967995702,451.62910062174694,455.5280044439237,1925-12-18,18,0.731,337.38565901529654,12,1925,3.898903822176771,311.2685630233832,1925
1925-12-19,346.0077199176594,349.84087877036063,353.6740376230618,357.50719647576295,361.34035532846417,365.17351418116533,369.0066730338665,372.8398318865677,376.67299073926887,380.50614959197003,384.33930844467125,388.1724672973724,392.0056261500736,395.8387850027748,399.671943855476,403.50510270817716,407.3382615608783,411.17142041357954,415.0045792662807,418.83773811898186,422.6708969716831,426.50405582438424,430.3372146770854,434.1703735297866,438.0035323824878,441.836691235189,445.66985008789015,449.50300894059137,453.33616779329253,457.1693266459937,1925-12-19,19,0.725,341.84482321324555,12,1925,3.833158852701182,315.34244909604996,1925
1925-12-20,347.03946607911286,350.28572876009923,353.53199144108567,356.77825412207204,360.0245168030585,363.27077948404485,366.5170421650313,369.76330484601766,373.00956752700404,376.25583020799047,379.5020928889769,382.7483555699633,385.99461825094966,389.2408809319361,392.48714361292247,395.7334062939089,398.9796689748953,402.2259316558817,405.4721943368681,408.7184570178545,411.9647196988409,415.2109823798273,418.4572450608137,421.7035077418001,424.9497704227865,428.19603310377295,431.4422957847593,434.6885584657457,437.93482114673213,441.1810838277185,1925-12-20,20,0.725,341.84482321324555,12,1925,3.246262680986403,321.0693646312216,1925
1925-12-21,353.073076277631,356.6582036695553,360.2433310614796,363.8284584534038,367.4135858453281,370.99871323725233,374.5838406291766,378.1689680211009,381.75409541302514,385.33922280494943,388.9243501968737,392.50947758879795,396.09460498072224,399.6797323726465,403.26485976457076,406.84998715649505,410.4351145484193,414.02024194034357,417.60536933226786,421.19049672419214,424.7756241161164,428.36075150804066,431.9458788999649,435.5310062918892,439.1161336838135,442.70126107573776,446.286388467662,449.8715158595863,453.4566432515105,457.0417706434348,1925-12-21,21,0.7070000000000001,354.1224796179856,12,1925,3.5851273919242685,324.39205714223687,1925
1925-12-22,360.844524118261,365.3546022405237,369.8646803627864,374.37475848504903,378.88483660731174,383.3949147295744,387.90499285183705,392.41507097409976,396.9251490963624,401.4352272186251,405.9453053408878,410.45538346315044,414.9654615854131,419.4755397076758,423.98561782993846,428.4956959522011,433.00577407446383,437.5158521967265,442.02593031898914,446.53600844125185,451.0460865635145,455.55616468577716,460.0662428080399,464.5763209303025,469.0863990525652,473.5964771748279,478.1065552970905,482.6166334193532,487.12671154161586,491.6367896638785,1925-12-22,22,0.6960000000000001,358.7189493083931,12,1925,4.510078122262673,324.76389914015965,1925
1925-12-23,364.9454077494756,369.49621894221116,374.04703013494674,378.5978413276823,383.14865252041795,387.69946371315353,392.2502749058891,396.8010860986247,401.3518972913603,405.9027084840959,410.4535196768315,415.00433086956707,419.5551420623027,424.10595325503823,428.65676444777387,433.20757564050945,437.758386833245,442.30919802598066,446.86000921871624,451.4108204114518,455.9616316041874,460.512442796923,465.0632539896586,469.6140651823942,474.1648763751298,478.71568756786536,483.26649876060094,487.8173099533366,492.36812114607216,496.91893233880774,1925-12-23,23,0.6960000000000001,358.7189493083931,12,1925,4.550811192735592,328.5389182075908,1925
1925-12-24,369.0478144978598,373.60640784308237,378.1650011883049,382.7235945335275,387.2821878787501,391.84078122397267,396.39937456919523,400.95796791441785,405.5165612596404,410.075154604863,414.63374795008554,419.19234129530815,423.7509346405307,428.30952798575333,432.8681213309759,437.42671467619846,441.985308021421,446.54390136664364,451.1024947118662,455.6610880570888,460.2196814023114,464.77827474753394,469.3368680927565,473.89546143797907,478.4540547832017,483.0126481284243,487.57124147364686,492.1298348188694,496.688428164092,501.24702150931455,1925-12-24,24,0.6930000000000001,363.0584041422262,12,1925,4.5585933452225795,332.57906773607914,1925
1925-12-25,379.1024762784672,384.7070823261991,390.311688373931,395.916294421663,401.5209004693949,407.12550651712684,412.7301125648588,418.33471861259073,423.93932466032265,429.5439307080546,435.1485367557865,440.7531428035185,446.3577488512504,451.9623548989823,457.5669609467143,463.1715669944462,468.77617304217813,474.38077908991005,479.98538513764197,485.58999118537395,491.19459723310587,496.7992032808378,502.40380932856976,508.0084153763017,513.6130214240336,519.2176274717656,524.8222335194974,530.4268395672294,536.0314456149613,541.6360516626933,1925-12-25,25,0.679,378.47993580928704,12,1925,5.604606047731934,334.2656278966117,1925
1925-12-26,394.18836105113695,401.69411868910106,409.19987632706517,416.7056339650293,424.21139160299344,431.71714924095755,439.22290687892166,446.72866451688583,454.23442215484994,461.74017979281405,469.24593743077816,476.75169506874226,484.25745270670643,491.76321034467054,499.26896798263465,506.7747256205988,514.2804832585629,521.786240896527,529.2919985344911,536.7977561724553,544.3035138104194,551.8092714483835,559.3150290863476,566.8207867243118,574.3265443622759,581.83230200024,589.3380596382042,596.8438172761682,604.3495749141323,611.8553325520966,1925-12-26,26,0.66,394.2137720954318,12,1925,7.505757637964122,334.14229994742396,1925
1925-12-27,398.5268004133169,405.4509837263126,412.3751670393083,419.29935035230403,426.2235336652997,433.1477169782954,440.0719002912911,446.9960836042868,453.92026691728256,460.84445023027826,467.76863354327395,474.69281685626964,481.61700016926534,488.5411834822611,495.4653667952567,502.3895501082525,509.3137334212482,516.2379167342439,523.1621000472396,530.0862833602353,537.010466673231,543.9346499862266,550.8588332992224,557.783016612218,564.7071999252138,571.6313832382095,578.5555665512052,585.4797498642009,592.4039331771966,599.3281164901923,1925-12-27,27,0.662,388.4979798476216,12,1925,6.924183312995703,343.1333339093513,1925
1925-12-28,413.8545585456701,422.6084722870227,431.36238602837534,440.116299769728,448.87021351108064,457.62412725243325,466.37804099378593,475.1319547351385,483.88586847649117,492.63978221784384,501.3936959591964,510.1476097005491,518.9015234419016,527.6554371832543,536.409350924607,545.1632646659596,553.9171784073122,562.6710921486649,571.4250058900175,580.1789196313701,588.9328333727228,597.6867471140754,606.4406608554281,615.1945745967807,623.9484883381333,632.702402079486,641.4563158208387,650.2102295621912,658.9641433035439,667.7180570448966,1925-12-28,28,0.637,410.1843345504634,12,1925,8.753913741352637,343.823248614849,1925
1925-12-29,429.37124961444334,439.7770457891993,450.1828419639553,460.5886381387113,470.9944343134673,481.40023048822326,491.80602666297926,502.2118228377352,512.6176190124912,523.0234151872472,533.4292113620031,543.8350075367591,554.2408037115151,564.6465998862711,575.0523960610271,585.4581922357831,595.8639884105392,606.2697845852952,616.675580760051,627.081376934807,637.4871731095631,647.892969284319,658.298765459075,668.704561633831,679.110357808587,689.516153983343,699.921950158099,710.327746332855,720.7335425076109,731.1393386823669,1925-12-29,29,0.628,421.08307865451246,12,1925,10.405796174755984,346.12488021639547,1925
1925-12-30,435.9787793480567,445.8091676224261,455.63955589679546,465.4699441711648,475.3003324455342,485.13072071990354,494.9611089942729,504.7914972686423,514.6218855430116,524.452273817381,534.2826620917504,544.1130503661198,553.943438640489,563.7738269148584,573.6042151892277,583.4346034635971,593.2649917379665,603.0953800123359,612.9257682867053,622.7561565610746,632.5865448354439,642.4169331098133,652.2473213841827,662.0777096585521,671.9080979329215,681.7384862072907,691.5688744816601,701.3992627560294,711.2296510303988,721.0600393047682,1925-12-30,30,0.628,421.08307865451246,12,1925,9.830388274369362,357.3356731531018,1925
1925-12-31,437.4840309067187,445.49672746656506,453.50942402641147,461.52212058625787,469.5348171461043,477.5475137059506,485.560210265797,493.5729068256434,501.5856033854898,509.5982999453362,517.6109965051826,525.6236930650289,533.6363896248753,541.6490861847217,549.6617827445681,557.6744793044145,565.6871758642608,573.6998724241072,581.7125689839536,589.7252655438,597.7379621036464,605.7506586634927,613.7633552233392,621.7760517831855,629.7887483430319,637.8014449028783,645.8141414627246,653.8268380225711,661.8395345824174,669.8522311422638,1925-12-31,31,0.623,424.4905330595024,12,1925,8.012696559846383,373.38245842794765,1925
1926-01-01,438.5144474125999,445.0357652636712,451.55708311474245,458.07840096581367,464.59971881688494,471.12103666795616,477.64235451902744,484.16367237009865,490.6849902211699,497.2063080722412,503.7276259233124,510.2489437743837,516.770261625455,523.2915794765262,529.8128973275975,536.3342151786687,542.85553302974,549.3768508808112,555.8981687318825,562.4194865829537,568.940804434025,575.4621222850963,581.9834401361675,588.5047579872387,595.02607583831,601.5473936893812,608.0687115404526,614.5900293915238,621.111347242595,627.6326650936662,1926-01-01,1,0.621,427.45145519615977,1,1926,6.521317851071253,386.3439046040299,1925
1926-01-02,439.29200527156155,444.8206524766329,450.3492996817043,455.87794688677565,461.406594091847,466.9352412969184,472.46388850198974,477.9925357070611,483.5211829121325,489.04983011720384,494.57847732227515,500.1071245273465,505.6357717324179,511.16441893748924,516.6930661425606,522.221713347632,527.7503605527033,533.2790077577747,538.8076549628461,544.3363021679174,549.8649493729888,555.3935965780602,560.9222437831315,566.4508909882029,571.9795381932743,577.5081853983456,583.036832603417,588.5654798084884,594.0941270135597,599.6227742186311,1926-01-02,2,0.621,427.45145519615977,1,1926,5.528647205071361,395.0628276309907,1925
1926-01-03,433.81178970037604,436.52043169812174,439.22907369586744,441.9377156936131,444.6463576913588,447.3549996891045,450.0636416868502,452.7722836845959,455.48092568234154,458.18956768008724,460.89820967783294,463.60685167557864,466.31549367332434,469.02413567107,471.7327776688157,474.4414196665614,477.15006166430703,479.85870366205273,482.56734565979843,485.27598765754414,487.98462965528984,490.6932716530355,493.4019136507812,496.1105556485269,498.8191976462726,501.5278396440183,504.23648164176393,506.94512363950963,509.65376563725533,512.362407635001,1926-01-03,3,0.615,429.0966166544422,1,1926,2.7086419977456884,412.14265371841054,1925
1926-01-04,431.82592088657685,433.3626570343021,434.8993931820274,436.4361293297526,437.97286547747785,439.5096016252031,441.0463377729284,442.5830739206536,444.11981006837885,445.6565462161041,447.1932823638294,448.7300185115546,450.26675465927985,451.8034908070051,453.3402269547304,454.87696310245565,456.41369925018085,457.9504353979061,459.4871715456314,461.02390769335665,462.56064384108186,464.0973799888071,465.6341161365324,467.17085228425765,468.70758843198286,470.2443245797081,471.7810607274334,473.31779687515865,474.85453302288386,476.3912691706091,1926-01-04,4,0.615,429.0966166544422,1,1926,1.5367361477252508,419.53203170477485,1925
1926-01-05,434.9674416660534,436.80596935735775,438.6444970486621,440.4830247399665,442.32155243127085,444.1600801225752,445.9986078138796,447.83713550518394,449.6756631964883,451.51419088779267,453.352718579097,455.1912462704014,457.0297739617057,458.86830165301006,460.70682934431443,462.5453570356188,464.38388472692316,466.2224124182275,468.0609401095319,469.89946780083625,471.7379954921406,473.576523183445,475.41505087474934,477.25357856605365,479.092106257358,480.9306339486624,482.76916163996674,484.6076893312711,486.44621702257547,488.28474471387983,1926-01-05,5,0.611,434.62356089063246,1,1926,1.8385276913043593,420.25922013561853,1925
1926-01-06,439.99502513297386,442.3680839589306,444.7411427848873,447.1142016108441,449.4872604368008,451.86031926275757,454.2333780887143,456.606436914671,458.9794957406277,461.3525545665845,463.7256133925412,466.098672218498,468.4717310444547,470.84478987041143,473.21784869636815,475.5909075223249,477.96396634828164,480.3370251742384,482.71008400019514,485.08314282615186,487.4562016521086,489.82926047806535,492.20231930402207,494.57537812997884,496.94843695593556,499.3214957818923,501.69455460784906,504.0676134338058,506.44067225976255,508.81373108571927,1926-01-06,6,0.608,441.30929115268907,1,1926,2.373058825956738,421.01055452531995,1925
1926-01-07,445.67788823212703,448.7407178410722,451.80354745001733,454.8663770589625,457.92920666790764,460.9920362768528,464.05486588579794,467.1176954947431,470.18052510368824,473.2433547126334,476.30618432157854,479.3690139305237,482.43184353946884,485.494673148414,488.55750275735915,491.6203323663043,494.6831619752495,497.7459915841946,500.8088211931398,503.8716508020849,506.9344804110301,509.9973100199752,513.0601396289204,516.1229692378655,519.1857988468107,522.2486284557558,525.311458064701,528.3742876736461,531.4371172825913,534.4999468915364,1926-01-07,7,0.601,444.956992829898,1,1926,3.062829608945152,421.1752513605658,1925
1926-01-08,455.3388601708528,459.83967735579733,464.34049454074193,468.8413117256865,473.3421289106311,477.8429460955757,482.3437632805203,486.8445804654649,491.34539765040944,495.84621483535403,500.3470320202986,504.8478492052432,509.34866639018776,513.8494835751324,518.350300760077,522.8511179450215,527.3519351299661,531.8527523149107,536.3535694998553,540.8543866847999,545.3552038697445,549.8560210546891,554.3568382396336,558.8576554245782,563.3584726095228,567.8592897944674,572.360106979412,576.8609241643566,581.3617413493012,585.8625585342457,1926-01-08,8,0.595,454.8146066392561,1,1926,4.500817184944585,419.3323226912961,1925
1926-01-09,467.26272560467817,473.3815090437829,479.50029248288763,485.61907592199236,491.7378593610971,497.8566428002018,503.9754262393066,510.09420967841135,516.212993117516,522.3317765566208,528.4505599957255,534.5693434348302,540.6881268739351,546.8069103130397,552.9256937521445,559.0444771912491,565.163260630354,571.2820440694586,577.4008275085635,583.5196109476682,589.6383943867729,595.7571778258776,601.8759612649824,607.9947447040871,614.1135281431918,620.2323115822966,626.3510950214013,632.469878460506,638.5886618996108,644.7074453387155,1926-01-09,9,0.584,465.61545811645516,1,1926,6.118783439104734,418.3124580918403,1925
1926-01-10,478.893404470806,486.33725424769614,493.7811040245862,501.2249538014763,508.6688035783664,516.1126533552565,523.5565031321466,531.0003529090367,538.4442026859268,545.8880524628169,553.331902239707,560.7757520165972,568.2196017934872,575.6634515703773,583.1073013472674,590.5511511241575,597.9950009010477,605.4388506779377,612.8827004548278,620.3265502317179,627.770400008608,635.2142497854982,642.6580995623882,650.1019493392783,657.5457991161684,664.9896488930585,672.4334986699487,679.8773484468387,687.3211982237287,694.7650480006189,1926-01-10,10,0.578,473.4095112593456,1,1926,7.4438497768901,419.3426062556852,1925
1926-01-11,484.19366982194754,491.3799825578765,498.5662952938054,505.75260802973435,512.9389207656633,520.1252335015922,527.3115462375213,534.4978589734501,541.6841717093791,548.8704844453081,556.056797181237,563.243109917166,570.4294226530949,577.6157353890238,584.8020481249528,591.9883608608817,599.1746735968106,606.3609863327396,613.5472990686685,620.7336118045976,627.9199245405264,635.1062372764554,642.2925500123843,649.4788627483133,656.6651754842422,663.8514882201712,671.0378009561001,678.224113692029,685.410426427958,692.5967391638869,1926-01-11,11,0.578,473.4095112593456,1,1926,7.1863127359289445,426.703167934516,1925
1926-01-12,485.53221204504166,491.6679478235758,497.8036836021099,503.93941938064404,510.07515515917817,516.2108909377123,522.3466267162464,528.4823624947805,534.6180982733147,540.7538340518488,546.8895698303829,553.025305608917,559.1610413874512,565.2967771659853,571.4325129445194,577.5682487230536,583.7039845015877,589.8397202801218,595.9754560586559,602.1111918371901,608.2469276157242,614.3826633942583,620.5183991727924,626.6541349513266,632.7898707298607,638.9256065083948,645.061342286929,651.1970780654631,657.3328138439972,663.4685496225313,1926-01-12,12,0.578,473.4095112593456,1,1926,6.135735778534127,436.44632581676865,1925
1926-01-13,486.1611271930508,491.1847859506982,496.2084447083456,501.23210346599296,506.2557622236403,511.2794209812877,516.3030797389351,521.3267384965825,526.3503972542298,531.3740560118773,536.3977147695247,541.421373527172,546.4450322848195,551.4686910424668,556.4923498001142,561.5160085577616,566.5396673154089,571.5633260730564,576.5869848307037,581.6106435883512,586.6343023459985,591.6579611036459,596.6816198612933,601.7052786189406,606.7289373765881,611.7525961342354,616.7762548918828,621.7999136495303,626.8235724071776,631.847231164825,1926-01-13,13,0.5740000000000001,476.8498537735839,1,1926,5.023658757647385,445.97185713187173,1925
1926-01-14,488.27438101403595,492.3749311548327,496.47548129562955,500.5760314364264,504.6765815772232,508.77713171802,512.8776818588168,516.9782319996136,521.0787821404105,525.1793322812073,529.2798824220041,533.3804325628009,537.4809827035978,541.5815328443946,545.6820829851913,549.7826331259881,553.883183266785,557.9837334075818,562.0842835483786,566.1848336891754,570.2853838299723,574.3859339707691,578.4864841115659,582.5870342523627,586.6875843931596,590.7881345339563,594.8886846747531,598.9892348155499,603.0897849563468,607.1903350971436,1926-01-14,14,0.5650000000000001,485.5968108486071,1,1926,4.100550140796816,455.4699798876614,1925
1926-01-15,488.90805980088606,492.0613263509928,495.2145929010995,498.36785945120624,501.52112600131295,504.6743925514197,507.8276591015264,510.9809256516332,514.1341922017399,517.2874587518467,520.4407253019533,523.5939918520601,526.7472584021668,529.9005249522736,533.0537915023802,536.207058052487,539.3603246025938,542.5135911527005,545.6668577028072,548.820124252914,551.9733908030207,555.1266573531275,558.2799239032341,561.4331904533409,564.5864570034477,567.7397235535543,570.8929901036611,574.0462566537678,577.1995232038746,580.3527897539813,1926-01-15,15,0.5640000000000001,485.7742986865307,1,1926,3.1532665501067325,463.6819274000322,1925
1926-01-16,496.3146992025893,500.18923967276515,504.06378014294097,507.93832061311684,511.8128610832927,515.6874015534686,519.5619420236444,523.4364824938202,527.3110229639962,531.185563434172,535.0601039043478,538.9346443745237,542.8091848446995,546.6837253148753,550.5582657850512,554.4328062552271,558.3073467254029,562.1818871955787,566.0564276657547,569.9309681359305,573.8055086061063,577.6800490762822,581.554589546458,585.4291300166338,589.3036704868098,593.1782109569856,597.0527514271614,600.9272918973372,604.8018323675132,608.676372837689,1926-01-16,16,0.555,497.26626416644274,1,1926,3.874540470175852,465.31837544118247,1925
1926-01-17,504.94084085403034,509.96984375494264,514.9988466558549,520.0278495567673,525.0568524576795,530.0858553585917,535.1148582595041,540.1438611604163,545.1728640613286,550.201866962241,555.2308698631532,560.2598727640654,565.2888756649777,570.31787856589,575.3468814668023,580.3758843677147,585.4048872686269,590.4338901695392,595.4628930704514,600.4918959713638,605.520898872276,610.5499017731884,615.5789046741006,620.6079075750129,625.6369104759251,630.6659133768375,635.6949162777497,640.7239191786621,645.7529220795743,650.7819249804866,1926-01-17,17,0.55,501.46755475881315,1,1926,5.029002900912284,464.7088176467321,1925
1926-01-18,509.5586905769763,514.7400829265011,519.9214752760262,525.1028676255511,530.284259975076,535.4656523246009,540.6470446741258,545.8284370236507,551.0098293731756,556.1912217227006,561.3726140722255,566.5540064217504,571.7353987712753,576.9167911208002,582.0981834703251,587.27957581985,592.460968169375,597.6423605188999,602.8237528684249,608.0051452179498,613.1865375674747,618.3679299169996,623.5493222665245,628.7307146160495,633.9121069655744,639.0934993150993,644.2748916646242,649.4562840141491,654.637676363674,659.8190687131989,1926-01-18,18,0.55,501.46755475881315,1,1926,5.181392349524919,468.10755178077693,1925
1926-01-19,510.1682483714269,514.4999571874406,518.8316660034543,523.163374819468,527.4950836354817,531.8267924514955,536.1585012675092,540.4902100835229,544.8219188995366,549.1536277155503,553.485336531564,557.8170453475777,562.1487541635914,566.4804629796051,570.812171795619,575.1438806116327,579.4755894276464,583.8072982436601,588.1390070596738,592.4707158756875,596.8024246917012,601.1341335077149,605.4658423237286,609.7975511397424,614.1292599557561,618.4609687717698,622.7926775877835,627.1243864037972,631.4560952198109,635.7878040358246,1926-01-19,19,0.55,501.46755475881315,1,1926,4.331708816013715,475.51457784331717,1925
1926-01-20,510.77420410334776,514.2200571607349,517.665910218122,521.1117632755091,524.5576163328963,528.0034693902834,531.4493224476705,534.8951755050576,538.3410285624448,541.7868816198319,545.232734677219,548.6785877346063,552.1244407919933,555.5702938493805,559.0161469067676,562.4619999641548,565.9078530215419,569.353706078929,572.7995591363161,576.2454121937033,579.6912652510904,583.1371183084775,586.5829713658646,590.0288244232518,593.4746774806389,596.920530538026,600.3663835954131,603.8122366528003,607.2580897101874,610.7039427675745,1926-01-20,20,0.547,505.8955051385746,1,1926,3.445853057387129,483.20737964425075,1925
1926-01-21,519.0742914365333,523.3642870548182,527.654282673103,531.944278291388,536.2342739096728,540.5242695279577,544.8142651462426,549.1042607645275,553.3942563828124,557.6842520010973,561.9742476193821,566.2642432376671,570.554238855952,574.8442344742368,579.1342300925218,583.4242257108066,587.7142213290915,592.0042169473764,596.2942125656613,600.5842081839462,604.874203802231,609.164199420516,613.4541950388009,617.7441906570857,622.0341862753706,626.3241818936556,630.6141775119404,634.9041731302253,639.1941687485103,643.4841643667951,1926-01-21,21,0.54,520.0614304757682,1,1926,4.289995618284891,484.75432649025413,1925
1926-01-22,537.514248016552,544.2529848512863,550.9917216860208,557.7304585207553,564.4691953554898,571.2079321902241,577.9466690249586,584.6854058596931,591.4241426944276,598.162879529162,604.9016163638964,611.6403531986309,618.3790900333654,625.1178268680999,631.8565637028343,638.5953005375687,645.3340373723032,652.0727742070376,658.8115110417721,665.5502478765065,672.288984711241,679.0277215459755,685.7664583807099,692.5051952154444,699.2439320501788,705.9826688849132,712.7214057196477,719.4601425543822,726.1988793891167,732.9376162238511,1926-01-22,22,0.526,546.2892406860739,1,1926,6.738736834734454,483.6043533386763,1925
1926-01-23,568.4148199457343,580.1165992352422,591.8183785247502,603.5201578142581,615.2219371037661,626.923716393274,638.625495682782,650.3272749722898,662.0290542617979,673.7308335513058,685.4326128408137,697.1343921303217,708.8361714198296,720.5379507093376,732.2397299988454,743.9415092883535,755.6432885778613,767.3450678673694,779.0468471568772,790.7486264463852,802.4504057358931,814.1521850254011,825.853964314909,837.5557436044169,849.2575228939249,860.9593021834328,872.6610814729409,884.3628607624487,896.0646400519566,907.7664193414646,1926-01-23,23,0.504,574.6050789370614,1,1926,11.70177928950794,474.8005856296708,1925
1926-01-24,575.7392108682378,587.5555542039095,599.3718975395814,611.1882408752531,623.0045842109248,634.8209275465966,646.6372708822684,658.4536142179402,670.2699575536119,682.0863008892837,693.9026442249555,705.7189875606273,717.535330896299,729.3516742319707,741.1680175676426,752.9843609033144,764.8007042389861,776.6170475746578,788.4333909103296,800.2497342460014,812.0660775816732,823.8824209173449,835.6987642530166,847.5151075886885,859.3314509243603,871.147794260032,882.9641375957037,894.7804809313756,906.5968242670474,918.4131676027191,1926-01-24,24,0.522,549.5304979237502,1,1926,11.81634333567177,481.2084641828636,1925
1926-01-25,576.1974670528929,586.4118407502663,596.6262144476398,606.8405881450133,617.0549618423867,627.26933553976,637.4837092371336,647.698082934507,657.9124566318804,668.126830329254,678.3412040266273,688.5555777240008,698.7699514213743,708.9843251187477,719.1986988161211,729.4130725134946,739.6274462108681,749.8418199082415,760.0561936056149,770.2705673029884,780.4849410003619,790.6993146977354,800.9136883951088,811.1280620924822,821.3424357898557,831.5568094872292,841.7711831846026,851.985556881976,862.1999305793495,872.414304276723,1926-01-25,25,0.522,549.5304979237502,1,1926,10.214373697373452,494.48247747390525,1925
1926-01-26,576.1316533511101,584.2166608853627,592.3016684196153,600.3866759538679,608.4716834881206,616.5566910223731,624.6416985566258,632.7267060908785,640.811713625131,648.8967211593836,656.9817286936362,665.0667362278889,673.1517437621415,681.2367512963941,689.3217588306468,697.4067663648993,705.4917738991519,713.5767814334046,721.6617889676572,729.7467965019098,737.8318040361625,745.916811570415,754.0018191046677,762.0868266389202,770.1718341731729,778.2568417074256,786.3418492416781,794.4268567759307,802.5118643101833,810.596871844436,1926-01-26,26,0.517,560.6291114137188,1,1926,8.085007534252618,511.4515930770891,1925
1926-01-27,569.5118817185246,573.9871746919471,578.4624676653697,582.9377606387922,587.4130536122148,591.8883465856372,596.3636395590597,600.8389325324823,605.3142255059048,609.7895184793274,614.2648114527499,618.7401044261725,623.215397399595,627.6906903730176,632.16598334644,636.6412763198626,641.1165692932851,645.5918622667077,650.0671552401302,654.5424482135527,659.0177411869753,663.4930341603978,667.9683271338204,672.4436201072429,676.9189130806654,681.3942060540879,685.8694990275105,690.344792000933,694.8200849743555,699.2953779477781,1926-01-27,27,0.517,560.6291114137188,1,1926,4.475292973422536,533.7095379311443,1925
1926-01-28,569.1304014901973,571.5623369614918,573.9942724327863,576.4262079040808,578.8581433753752,581.2900788466698,583.7220143179643,586.1539497892587,588.5858852605533,591.0178207318477,593.4497562031422,595.8816916744368,598.3136271457312,600.7455626170257,603.1774980883202,605.6094335596147,608.0413690309092,610.4733045022036,612.9052399734982,615.3371754447927,617.7691109160871,620.2010463873817,622.6329818586762,625.0649173299706,627.4968528012652,629.9287882725596,632.3607237438541,634.7926592151487,637.2245946864431,639.6565301577376,1926-01-28,28,0.504,574.6050789370614,1,1926,2.4319354712944934,549.6749177198413,1925
1926-01-29,578.1609507366866,581.4665255092636,584.7721002818408,588.0776750544179,591.3832498269951,594.6888245995722,597.9943993721494,601.2999741447264,604.6055489173036,607.9111236898807,611.2166984624579,614.522273235035,617.8278480076121,621.1334227801892,624.4389975527664,627.7445723253435,631.0501470979207,634.3557218704977,637.6612966430749,640.966871415652,644.2724461882292,647.5780209608063,650.8835957333835,654.1891705059605,657.4947452785377,660.8003200511148,664.105894823692,667.4114695962691,670.7170443688462,674.0226191414233,1926-01-29,29,0.4970000000000001,585.0411849755841,1,1926,3.30557477257713,551.7163525560695,1925
1926-01-30,599.2690049766841,607.1364916249286,615.003978273173,622.8714649214173,630.7389515696618,638.6064382179063,646.4739248661507,654.3414115143951,662.2088981626396,670.0763848108841,677.9438714591284,685.8113581073728,693.6788447556173,701.5463314038618,709.4138180521062,717.2813047003506,725.1487913485951,733.0162779968396,740.8837646450839,748.7512512933283,756.6187379415728,764.4862245898173,772.3537112380617,780.2211978863061,788.0886845345506,795.9561711827951,803.8236578310394,811.6911444792838,819.5586311275283,827.4261177757728,1926-01-30,30,0.493,594.6279260983613,1,1926,7.867486648244437,536.3291117907286,1925
1926-01-31,601.2922656892046,608.3973286922992,615.502391695394,622.6074546984886,629.7125177015834,636.817580704678,643.9226437077727,651.0277067108675,658.1327697139621,665.2378327170569,672.3428957201515,679.4479587232463,686.5530217263411,693.6580847294357,700.7631477325305,707.8682107356251,714.9732737387199,722.0783367418146,729.1833997449093,736.2884627480039,743.3935257510987,750.4985887541934,757.603651757288,764.7087147603828,771.8137777634774,778.9188407665722,786.023903769667,793.1289667727616,800.2340297758564,807.339092778951,1926-01-31,31,0.4970000000000001,585.0411849755841,1,1926,7.105063003094708,544.4517616644468,1925
1926-02-01,598.2425711086058,603.316971643271,608.3913721779363,613.4657727126016,618.5401732472668,623.6145737819321,628.6889743165973,633.7633748512626,638.8377753859279,643.9121759205931,648.9865764552584,654.0609769899236,659.1353775245889,664.2097780592542,669.2841785939194,674.3585791285847,679.4329796632499,684.5073801979152,689.5817807325805,694.6561812672456,699.7305818019108,704.8049823365761,709.8793828712414,714.9537834059067,720.0281839405719,725.1025844752371,730.1769850099024,735.2513855445677,740.325786079233,745.4001866138982,1926-02-01,1,0.4970000000000001,585.0411849755841,2,1926,5.074400534665255,557.6473668312838,1925
1926-02-02,596.1057583287349,599.6972653699102,603.2887724110856,606.880279452261,610.4717864934364,614.0632935346117,617.6548005757871,621.2463076169626,624.8378146581379,628.4293216993133,632.0208287404887,635.612335781664,639.2038428228394,642.7953498640148,646.3868569051901,649.9783639463656,653.569870987541,657.1613780287164,660.7528850698917,664.3443921110671,667.9358991522425,671.5274061934178,675.1189132345933,678.7104202757687,682.3019273169441,685.8934343581194,689.4849413992948,693.0764484404702,696.6679554816455,700.259462522821,1926-02-02,2,0.495,587.1924397723404,2,1926,3.5915070411753853,567.3737019993317,1925
1926-02-03,598.2214764536258,600.8902669713235,603.5590574890213,606.227848006719,608.8966385244166,611.5654290421144,614.2342195598121,616.9030100775099,619.5718005952075,622.2405911129052,624.909381630603,627.5781721483007,630.2469626659985,632.9157531836961,635.5845437013938,638.2533342190916,640.9221247367893,643.590915254487,646.2597057721847,648.9284962898824,651.5972868075802,654.2660773252778,656.9348678429756,659.6036583606733,662.272448878371,664.9412393960688,667.6100299137664,670.2788204314642,672.9476109491619,675.6164014668597,1926-02-03,3,0.48700000000000004,601.2752009453283,2,1926,2.6687905176977185,576.871152312044,1925
1926-02-04,600.520310726862,602.8113054554308,605.1023001839994,607.3932949125681,609.6842896411368,611.9752843697055,614.2662790982743,616.5572738268429,618.8482685554116,621.1392632839803,623.430258012549,625.7212527411177,628.0122474696864,630.303242198255,632.5942369268238,634.8852316553924,637.1762263839612,639.4672211125298,641.7582158410986,644.0492105696673,646.3402052982359,648.6312000268047,650.9221947553733,653.2131894839421,655.5041842125107,657.7951789410794,660.0861736696481,662.3771683982168,664.6681631267855,666.9591578553542,1926-02-04,4,0.48700000000000004,601.2752009453283,2,1926,2.2909947285686947,582.1923528983125,1925
1926-02-05,604.7179512424478,607.4013068903762,610.0846625383047,612.768018186233,615.4513738341614,618.1347294820897,620.8180851300181,623.5014407779464,626.1847964258748,628.8681520738031,631.5515077217315,634.2348633696598,636.9182190175882,639.6015746655165,642.2849303134449,644.9682859613732,647.6516416093016,650.3349972572299,653.0183529051583,655.7017085530867,658.385064201015,661.0684198489434,663.7517754968718,666.4351311448002,669.1184867927285,671.8018424406569,674.4851980885852,677.1685537365136,679.8519093844419,682.5352650323703,1926-02-05,5,0.485,603.4385628426149,2,1926,2.683355647928358,583.251106059021,1925
1926-02-06,622.3847822103936,628.4208810052884,634.4569798001833,640.493078595078,646.5291773899729,652.5652761848678,658.6013749797626,664.6374737746575,670.6735725695522,676.7096713644471,682.7457701593419,688.7818689542368,694.8179677491316,700.8540665440264,706.8901653389213,712.9262641338162,718.962362928711,724.9984617236058,731.0345605185006,737.0706593133955,743.1067581082903,749.1428569031851,755.17895569808,761.2150544929748,767.2511532878697,773.2872520827644,779.3233508776593,785.3594496725541,791.395548467449,797.4316472623439,1926-02-06,6,0.475,624.4189347589191,2,1926,6.036098794894836,574.0959918512349,1925
1926-02-07,642.0362966766402,650.9321043055043,659.8279119343684,668.7237195632326,677.6195271920968,686.515334820961,695.4111424498252,704.3069500786894,713.2027577075536,722.0985653364178,730.994372965282,739.8901805941462,748.7859882230103,757.6817958518745,766.5776034807386,775.4734111096029,784.369218738467,793.2650263673313,802.1608339961954,811.0566416250596,819.9524492539238,828.848256882788,837.7440645116521,846.6398721405163,855.5356797693805,864.4314873982447,873.3272950271089,882.2231026559731,891.1189102848373,900.0147179137014,1926-02-07,7,0.471,642.5299388881682,2,1926,8.895807628864183,570.8698356457267,1925
1926-02-08,671.0425657277702,684.0388062296214,697.0350467314726,710.0312872333236,723.0275277351748,736.0237682370259,749.0200087388771,762.0162492407281,775.0124897425793,788.0087302444304,801.0049707462815,814.0012112481327,826.9974517499838,839.9936922518349,852.989932753686,865.9861732555371,878.9824137573883,891.9786542592394,904.9748947610906,917.9711352629416,930.9673757647928,943.9636162666438,956.959856768495,969.9560972703462,982.9523377721973,995.9485782740484,1008.9448187758995,1021.9410592777506,1034.9372997796017,1047.933540281453,1926-02-08,8,0.45799999999999996,673.2729478898602,2,1926,12.996240501851124,567.0726417129613,1925
1926-02-09,718.954242576787,738.9423497410772,758.9304569053675,778.9185640696576,798.9066712339479,818.894778398238,838.8828855625283,858.8709927268185,878.8590998911086,898.8472070553989,918.835314219689,938.8234213839793,958.8115285482695,978.7996357125596,998.7877428768498,1018.7758500411401,1038.7639572054304,1058.7520643697205,1078.7401715340106,1098.728278698301,1118.716385862591,1138.7044930268812,1158.6926001911716,1178.6807073554617,1198.6688145197518,1218.6569216840421,1238.6450288483325,1258.6331360126223,1278.6212431769127,1298.609350341203,1926-02-09,9,0.4370000000000001,726.8019111671641,2,1926,19.988107164290202,559.0493852624654,1925
1926-02-10,729.6848319438196,749.3270113035348,768.96919066325,788.6113700229652,808.2535493826804,827.8957287423955,847.5379081021107,867.1800874618259,886.822266821541,906.4644461812561,926.1066255409713,945.7488049006865,965.3909842604016,985.0331636201169,1004.6753429798321,1024.3175223395472,1043.9597016992625,1063.6018810589776,1083.2440604186927,1102.8862397784078,1122.5284191381231,1142.1705984978382,1161.8127778575536,1181.4549572172687,1201.0971365769838,1220.7393159366989,1240.381495296414,1260.0236746561293,1279.6658540158444,1299.3080333755597,1926-02-10,10,0.452,686.0753050426567,2,1926,19.642179359715172,572.5473970660983,1925
1926-02-11,728.3011207255197,744.5687971343267,760.8364735431337,777.1041499519408,793.3718263607478,809.6395027695548,825.907179178362,842.174855587169,858.442531995976,874.710208404783,890.97788481359,907.2455612223971,923.5132376312041,939.7809140400111,956.0485904488182,972.3162668576252,988.5839432664322,1004.8516196752392,1021.1192960840463,1037.3869724928534,1053.6546489016605,1069.9223253104674,1086.1900017192745,1102.4576781280816,1118.7253545368885,1134.9930309456954,1151.2607073545025,1167.5283837633096,1183.7960601721165,1200.0637365809237,1926-02-11,11,0.452,686.0753050426567,2,1926,16.267676408807034,598.1597094550634,1925
1926-02-12,727.0968602735938,739.401747082185,751.7066338907762,764.0115206993673,776.3164075079586,788.6212943165498,800.9261811251409,813.2310679337322,825.5359547423234,837.8408415509145,850.1457283595057,862.4506151680969,874.7555019766882,887.0603887852793,899.3652755938705,911.6701624024618,923.9750492110529,936.2799360196441,948.5848228282352,960.8897096368264,973.1945964454176,985.4994832540089,997.8043700626,1010.1092568711913,1022.4141436797825,1034.7190304883736,1047.0239172969648,1059.328804105556,1071.633690914147,1083.9385777227383,1926-02-12,12,0.444,705.9668484851785,2,1926,12.30488680859119,628.6577658048643,1925
1926-02-13,733.9929833191198,744.2497445562278,754.5065057933357,764.7632670304437,775.0200282675517,785.2767895046596,795.5335507417676,805.7903119788755,816.0470732159835,826.3038344530914,836.5605956901993,846.8173569273073,857.0741181644153,867.3308794015232,877.5876406386312,887.8444018757391,898.1011631128471,908.357924349955,918.6146855870629,928.8714468241709,939.1282080612789,949.3849692983869,959.6417305354948,969.8984917726027,980.1552530097107,990.4120142468187,1000.6687754839265,1010.9255367210345,1021.1822979581425,1031.4390591952506,1926-02-13,13,0.435,730.0393120791321,2,1926,10.256761237107952,651.9388934222562,1925
1926-02-14,741.4595682846627,749.9640642351525,758.4685601856422,766.973056136132,775.4775520866217,783.9820480371116,792.4865439876013,800.991039938091,809.4955358885808,818.0000318390705,826.5045277895603,835.00902374005,843.5135196905399,852.0180156410295,860.5225115915193,869.0270075420091,877.5315034924988,886.0359994429886,894.5404953934783,903.0449913439681,911.5494872944578,920.0539832449476,928.5584791954374,937.0629751459271,945.5674710964169,954.0719670469066,962.5764629973963,971.0809589478861,979.5854548983759,988.0899508488656,1926-02-14,14,0.43,743.859461672278,2,1926,8.504495950489755,673.4236006807447,1925
1926-02-15,744.7188073410155,751.6988708275187,758.6789343140218,765.658997800525,772.6390612870282,779.6191247735313,786.5991882600345,793.5792517465377,800.5593152330408,807.539378719544,814.5194422060472,821.4995056925503,828.4795691790534,835.4596326655567,842.4396961520598,849.4197596385629,856.3998231250661,863.3798866115692,870.3599500980724,877.3400135845756,884.3200770710787,891.3001405575819,898.280204044085,905.2602675305882,912.2403310170914,919.2203945035945,926.2004579900977,933.1805214766009,940.160584963104,947.1406484496072,1926-02-15,15,0.4320000000000001,738.7717302759537,2,1926,6.980063486503162,688.8782994489902,1925
1926-02-16,754.7221651131767,764.2030680427201,773.6839709722636,783.1648739018071,792.6457768313505,802.126679760894,811.6075826904374,821.0884856199809,830.5693885495243,840.0502914790678,849.5311944086113,859.0120973381547,868.4930002676982,877.9739031972417,887.4548061267851,896.9357090563286,906.416611985872,915.8975149154155,925.3784178449589,934.8593207745024,944.3402237040459,953.8211266335893,963.3020295631328,972.7829324926763,982.2638354222197,991.7447383517631,1001.2256412813066,1010.7065442108501,1020.1874471403935,1029.6683500699369,1926-02-16,16,0.4370000000000001,726.8019111671641,2,1926,9.480902929543458,678.874941676829,1925
1926-02-17,747.2712631176919,753.4349189010603,759.5985746844289,765.7622304677973,771.9258862511657,778.0895420345341,784.2531978179026,790.416853601271,796.5805093846395,802.744165168008,808.9078209513764,815.0714767347448,821.2351325181132,827.3987883014817,833.5624440848501,839.7260998682186,845.889755651587,852.0534114349555,858.2170672183239,864.3807230016923,870.5443787850609,876.7080345684292,882.8716903517977,889.0353461351662,895.1990019185346,901.362657701903,907.5263134852714,913.68996926864,919.8536250520083,926.0172808353768,1926-02-17,17,0.4370000000000001,726.8019111671641,2,1926,6.163655783368444,697.9620168507444,1925
1926-02-18,751.9330877840127,756.6870022584686,761.4409167329245,766.1948312073805,770.9487456818364,775.7026601562924,780.4565746307483,785.2104891052043,789.9644035796601,794.7183180541161,799.472232528572,804.226147003028,808.9800614774839,813.7339759519398,818.4878904263958,823.2418049008517,827.9957193753077,832.7496338497635,837.5035483242195,842.2574627986754,847.0113772731314,851.7652917475873,856.5192062220433,861.2731206964992,866.0270351709551,870.780949645411,875.534864119867,880.2887785943229,885.0426930687788,889.7966075432348,1926-02-18,18,0.42100000000000004,758.1808343564502,2,1926,4.753914474455934,713.9017719883652,1925
1926-02-19,764.15572993814,769.5169784789317,774.8782270197235,780.2394755605152,785.6007241013069,790.9619726420987,796.3232211828904,801.6844697236822,807.045718264474,812.4069668052657,817.7682153460574,823.1294638868492,828.4907124276409,833.8519609684326,839.2132095092244,844.5744580500161,849.935706590808,855.2969551315996,860.6582036723914,866.0194522131832,871.3807007539749,876.7419492947666,882.1031978355584,887.4644463763501,892.8256949171418,898.1869434579336,903.5481919987253,908.9094405395172,914.2706890803089,919.6319376211006,1926-02-19,19,0.415,774.5199897066693,2,1926,5.361248540791746,721.265741611806,1925
1926-02-20,786.201360958561,794.9042013346917,803.6070417108223,812.3098820869529,821.0127224630835,829.715562839214,838.4184032153447,847.1212435914753,855.8240839676059,864.5269243437365,873.229764719867,881.9326050959977,890.6354454721284,899.3382858482589,908.0411262243895,916.7439666005201,925.4468069766507,934.1496473527814,942.8524877289119,951.5553281050425,960.2581684811731,968.9610088573037,977.6638492334343,986.3666896095649,995.0695299856955,1003.7723703618261,1012.4752107379568,1021.1780511140873,1029.880891490218,1038.5837318663484,1926-02-20,20,0.406,790.7941578325908,2,1926,8.7028403761306,716.5786379495163,1925
1926-02-21,824.1246670755861,839.4674687372989,854.8102703990116,870.1530720607243,885.4958737224371,900.8386753841498,916.1814770458626,931.5242787075754,946.867080369288,962.2098820310008,977.5526836927136,992.8954853544262,1008.2382870161391,1023.5810886778518,1038.9238903395644,1054.2666920012773,1069.60949366299,1084.9522953247028,1100.2950969864155,1115.6378986481282,1130.980700309841,1146.3235019715537,1161.6663036332666,1177.0091052949792,1192.351906956692,1207.6947086184048,1223.0375102801174,1238.3803119418303,1253.723113603543,1269.0659152652556,1926-02-21,21,0.395,823.4036884951529,2,1926,15.342801661712743,701.3822537818842,1925
1926-02-22,870.721905604743,893.3028313561239,915.8837571075047,938.4646828588856,961.0456086102665,983.6265343616474,1006.2074601130282,1028.788385864409,1051.36931161579,1073.9502373671708,1096.5311631185516,1119.1120888699324,1141.6930146213133,1164.2739403726941,1186.854866124075,1209.4357918754558,1232.0167176268367,1254.5976433782175,1277.1785691295984,1299.7594948809792,1322.34042063236,1344.921346383741,1367.5022721351218,1390.0831978865026,1412.6641236378834,1435.2450493892643,1457.8259751406451,1480.406900892026,1502.9878266434068,1525.5687523947877,1926-02-22,22,0.379,862.2849254693456,2,1926,22.58092575138085,690.0744995936963,1925
1926-02-23,906.7399870718647,932.7245348838275,958.7090826957901,984.6936305077529,1010.6781783197156,1036.6627261316783,1062.647273943641,1088.6318217556036,1114.6163695675664,1140.6009173795292,1166.585465191492,1192.5700130034545,1218.5545608154173,1244.53910862738,1270.5236564393426,1296.5082042513054,1322.4927520632682,1348.477299875231,1374.4618476871938,1400.4463954991563,1426.4309433111189,1452.4154911230817,1478.4000389350444,1504.3845867470072,1530.36913455897,1556.3536823709326,1582.3382301828954,1608.322777994858,1634.3073258068207,1660.2918736187835,1926-02-23,23,0.374,883.6270637407242,2,1926,25.984547811962717,698.863604576163,1925
1926-02-24,942.4773869055819,970.4127043953133,998.3480218850448,1026.2833393747765,1054.218656864508,1082.1539743542394,1110.0892918439708,1138.0246093337025,1165.959926823434,1193.8952443131654,1221.8305618028971,1249.7658792926286,1277.70119678236,1305.6365142720915,1333.571831761823,1361.5071492515547,1389.4424667412864,1417.3777842310178,1445.3131017207493,1473.2484192104807,1501.1837367002122,1529.1190541899437,1557.0543716796753,1584.9896891694068,1612.9250066591385,1640.86032414887,1668.7956416386014,1696.7309591283329,1724.6662766180643,1752.6015941077958,1926-02-24,24,0.35600000000000004,922.342159025656,2,1926,27.935317489731524,718.9948469877296,1925
1926-02-25,970.6178844679218,999.2948400887043,1027.9717957094867,1056.648751330269,1085.3257069510516,1114.0026625718342,1142.6796181926165,1171.3565738133989,1200.0335294341814,1228.7104850549638,1257.3874406757463,1286.0643962965287,1314.741351917311,1343.4183075380936,1372.0952631588762,1400.7722187796585,1429.4491744004408,1458.1261300212234,1486.803085642006,1515.4800412627883,1544.1569968835706,1572.833952504353,1601.5109081251355,1630.187863745918,1658.8648193667004,1687.5417749874828,1716.2187306082653,1744.895686229048,1773.5726418498302,1802.2495974706126,1926-02-25,25,0.35100000000000003,934.3984496234046,2,1926,28.67695562078244,741.2022395016623,1925
1926-02-26,980.5869321422193,1006.0462046845498,1031.5054772268804,1056.964749769211,1082.4240223115416,1107.8832948538723,1133.3425673962029,1158.8018399385335,1184.261112480864,1209.7203850231947,1235.1796575655253,1260.6389301078557,1286.0982026501865,1311.557475192517,1337.0167477348477,1362.4760202771781,1387.9352928195087,1413.3945653618393,1438.85383790417,1464.3131104465006,1489.7723829888312,1515.2316555311618,1540.6909280734922,1566.150200615823,1591.6094731581534,1617.0687457004842,1642.5280182428146,1667.9872907851454,1693.4465633274758,1718.9058358698064,1926-02-26,26,0.35100000000000003,934.3984496234046,2,1926,25.45927254233059,776.9127518035746,1925
1926-02-27,991.5367231757948,1013.5518512781516,1035.5669793805084,1057.5821074828652,1079.5972355852223,1101.612363687579,1123.627491789936,1145.6426198922927,1167.6577479946495,1189.6728760970063,1211.6880041993631,1233.70313230172,1255.7182604040768,1277.7333885064336,1299.7485166087904,1321.7636447111472,1343.778772813504,1365.7939009158608,1387.8090290182176,1409.8241571205745,1431.8392852229313,1453.854413325288,1475.869541427645,1497.8846695300017,1519.8997976323585,1541.9149257347153,1563.9300538370721,1585.945181939429,1607.9603100417858,1629.9754381441426,1926-02-27,27,0.34,963.8787393868834,2,1926,22.01512810235682,815.4156983569403,1925
1926-02-28,1001.3098484091792,1020.1529048508446,1038.9959612925102,1057.8390177341757,1076.682074175841,1095.5251306175066,1114.3681870591722,1133.2112435008376,1152.0542999425031,1170.8973563841687,1189.740412825834,1208.5834692674996,1227.426525709165,1246.2695821508305,1265.1126385924958,1283.9556950341614,1302.798751475827,1321.6418079174923,1340.4848643591579,1359.3279208008234,1378.1709772424888,1397.0140336841544,1415.85709012582,1434.7001465674853,1453.5432030091508,1472.3862594508164,1491.2293158924817,1510.0723723341473,1528.9154287758129,1547.7584852174782,1926-02-28,28,0.336,980.6335716282007,2,1926,18.843056441665485,850.5653968758553,1925
1926-03-01,1022.6353451429433,1041.4986386488663,1060.3619321547894,1079.2252256607126,1098.0885191666357,1116.9518126725586,1135.8151061784818,1154.6783996844047,1173.5416931903278,1192.404986696251,1211.268280202174,1230.131573708097,1248.9948672140201,1267.8581607199433,1286.7214542258662,1305.5847477317893,1324.4480412377125,1343.3113347436356,1362.1746282495585,1381.0379217554816,1399.9012152614046,1418.7645087673277,1437.6278022732508,1456.491095779174,1475.354389285097,1494.21768279102,1513.0809762969432,1531.944269802866,1550.8075633087892,1569.6708568147124,1926-03-01,1,0.325,1010.9967648064827,3,1926,18.86329350592307,871.7289970955587,1925
1926-03-02,1054.7647282681364,1075.6800868988753,1096.5954455296144,1117.5108041603532,1138.426162791092,1159.341521421831,1180.2568800525698,1201.1722386833087,1222.0875973140476,1243.0029559447864,1263.9183145755255,1284.8336732062644,1305.7490318370033,1326.6643904677421,1347.579749098481,1368.4951077292199,1389.4104663599587,1410.3258249906976,1431.2411836214364,1452.1565422521753,1473.0719008829142,1493.987259513653,1514.9026181443921,1535.817976775131,1556.7333354058699,1577.6486940366087,1598.5640526673476,1619.4794112980867,1640.3947699288256,1661.3101285595644,1926-03-02,2,0.315,1051.074922122234,3,1926,20.91535863073889,887.4418592222254,1925
1926-03-03,1134.1335473473573,1166.88298863548,1199.6324299236023,1232.381871211725,1265.1313124998474,1297.8807537879698,1330.6301950760924,1363.3796363642148,1396.1290776523374,1428.8785189404598,1461.6279602285822,1494.3774015167046,1527.1268428048272,1559.8762840929498,1592.6257253810722,1625.3751666691946,1658.1246079573173,1690.8740492454397,1723.6234905335623,1756.3729318216847,1789.122373109807,1821.8718143979297,1854.621255686052,1887.3706969741747,1920.1201382622971,1952.8695795504195,1985.6190208385422,2018.3684621266646,2051.117903414787,2083.8673447029096,1926-03-03,3,0.292,1146.5695781734614,3,1926,32.74944128812249,872.1380170423774,1925
1926-03-04,1218.2025244291053,1262.4188156343394,1306.635106839573,1350.851398044807,1395.0676892500408,1439.2839804552746,1483.5002716605084,1527.7165628657422,1571.9328540709762,1616.1491452762098,1660.3654364814438,1704.5817276866776,1748.7980188919114,1793.0143100971454,1837.230601302379,1881.446892507613,1925.6631837128468,1969.8794749180806,2014.0957661233144,2058.3120573285482,2102.5283485337823,2146.744639739016,2190.96093094425,2235.177222149484,2279.3935133547175,2323.609804559951,2367.826095765185,2412.042386970419,2456.2586781756527,2500.4749693808867,1926-03-04,4,0.27899999999999997,1201.8094915165238,3,1926,44.21629120523384,864.4721947872347,1925
1926-03-05,1294.1535356839318,1345.9269596253976,1397.7003835668634,1449.4738075083292,1501.247231449795,1553.0206553912608,1604.7940793327268,1656.5675032741929,1708.3409272156587,1760.1143511571245,1811.8877750985903,1863.661199040056,1915.434622981522,1967.2080469229877,2018.981470864454,2070.75489480592,2122.5283187473856,2174.3017426888514,2226.075166630317,2277.848590571783,2329.622014513249,2381.3954384547146,2433.168862396181,2484.9422863376467,2536.7157102791125,2588.4891342205783,2640.262558162044,2692.03598210351,2743.8094060449757,2795.5828299864415,1926-03-05,5,0.266,1254.4558117926888,3,1926,51.773423941465865,879.9661441522047,1925
1926-03-06,1392.6293628753033,1455.1681856319524,1517.7070083886013,1580.2458311452503,1642.7846539018994,1705.3234766585483,1767.8622994151974,1830.4011221718465,1892.9399449284956,1955.4787676851447,2018.0175904417938,2080.556413198443,2143.095235955092,2205.634058711741,2268.17288146839,2330.7117042250393,2393.2505269816884,2455.789349738337,2518.328172494986,2580.866995251635,2643.4058180082843,2705.9446407649334,2768.483463521582,2831.022286278231,2893.5611090348802,2956.0999317915293,3018.6387545481784,3081.1775773048275,3143.7164000614766,3206.2552228181257,1926-03-06,6,0.251,1351.7783629013575,3,1926,62.538822756649054,892.3187808221107,1925
1926-03-07,1480.3385315209289,1549.207792134851,1618.077052748773,1686.946313362695,1755.8155739766173,1824.6848345905396,1893.5540952044616,1962.4233558183837,2031.2926164323057,2100.161877046228,2169.0311376601503,2237.9003982740724,2306.7696588879944,2375.6389195019165,2444.5081801158385,2513.377440729761,2582.246701343683,2651.115961957605,2719.985222571527,2788.854483185449,2857.7237437993713,2926.593004413294,2995.462265027216,3064.331525641138,3133.20078625506,3202.070046868982,3270.939307482904,3339.8085680968265,3408.6778287107486,3477.5470893246707,1926-03-07,7,0.242,1417.3454921439304,3,1926,68.86926061392214,929.3844466095517,1925
1926-03-08,1552.8109650464116,1623.1522616801897,1693.4935583139677,1763.8348549477455,1834.1761515815233,1904.517448215301,1974.858744849079,2045.2000414828572,2115.541338116635,2185.8826347504128,2256.2239313841906,2326.5652280179684,2396.9065246517466,2467.2478212855244,2537.589117919302,2607.93041455308,2678.271711186858,2748.6130078206356,2818.954304454414,2889.2956010881917,2959.6368977219695,3029.9781943557473,3100.3194909895255,3170.6607876233033,3241.002084257081,3311.343380890859,3381.6846775246368,3452.025974158415,3522.367270792193,3592.7085674259706,1926-03-08,8,0.23399999999999999,1477.0867909289032,3,1926,70.34129663377789,990.0805919761887,1925
1926-03-09,1601.379253872352,1667.0539261366766,1732.7285984010018,1798.4032706653268,1864.0779429296517,1929.752615193977,1995.4272874583016,2061.101959722627,2126.7766319869515,2192.4513042512767,2258.125976515602,2323.8006487799266,2389.475321044252,2455.149993308577,2520.8246655729017,2586.4993378372264,2652.1740101015516,2717.848682365877,2783.5233546302015,2849.1980268945267,2914.872699158852,2980.5473714231766,3046.222043687502,3111.896715951827,3177.5713882161517,3243.246060480477,3308.9207327448016,3374.595405009127,3440.2700772734515,3505.9447495377767,1926-03-09,9,0.22699999999999998,1521.7184262484936,3,1926,65.674672264325,1075.9818757577518,1925
1926-03-10,1692.9924992539277,1763.8377183621988,1834.68293747047,1905.5281565787411,1976.3733756870122,2047.2185947952835,2118.0638139035545,2188.9090330118256,2259.7542521200967,2330.5994712283677,2401.444690336639,2472.2899094449103,2543.135128553181,2613.9803476614525,2684.825566769723,2755.6707858779946,2826.516004986265,2897.3612240945367,2968.206443202808,3039.051662311079,3109.89688141935,3180.742100527621,3251.5873196358925,3322.432538744163,3393.2777578524347,3464.1229769607053,3534.968196068977,3605.8134151772474,3676.658634285519,3747.5038533937895,1926-03-10,10,0.213,1643.086984214002,3,1926,70.84521910827111,1126.230746387759,1925
1926-03-11,1793.8812042349518,1870.6554223206454,1947.4296404063384,2024.203858492032,2100.978076577725,2177.7522946634185,2254.526512749112,2331.300730834805,2408.074948920498,2484.8491670061917,2561.623385091885,2638.3976031775783,2715.1718212632713,2791.946039348965,2868.7202574346584,2945.4944755203514,3022.268693606045,3099.0429116917385,3175.8171297774315,3252.5913478631246,3329.365565948818,3406.139784034511,3482.9140021202047,3559.688220205898,3636.4624382915913,3713.236656377285,3790.010874462978,3866.7850925486714,3943.5593106343645,4020.333528720058,1926-03-11,11,0.203,1742.018455015875,3,1926,76.7742180856933,1179.6874595494055,1925
1926-03-12,1878.0788599196908,1956.1196059400545,2034.160351960418,2112.201097980782,2190.241844001145,2268.282590021509,2346.3233360418726,2424.3640820622363,2502.4048280826,2580.4455741029637,2658.4863201233275,2736.5270661436907,2814.567812164055,2892.608558184418,2970.6493042047823,3048.6900502251456,3126.7307962455097,3204.771542265873,3282.8122882862367,3360.8530343066004,3438.8937803269637,3516.934526347328,3594.975272367691,3673.0160183880553,3751.0567644084185,3829.0975104287827,3907.138256449146,3985.17900246951,4063.2197484898734,4141.260494510238,1926-03-12,12,0.195,1808.3766194150885,3,1926,78.04074602036367,1253.7528917567813,1925
1926-03-13,1948.4267344178488,2026.2741123480623,2104.121490278276,2181.9688682084898,2259.816246138703,2337.6636240689168,2415.5110019991303,2493.3583799293438,2571.2057578595573,2649.0531357897707,2726.9005137199842,2804.7478916501977,2882.5952695804117,2960.4426475106247,3038.2900254408387,3116.1374033710517,3193.9847813012657,3271.832159231479,3349.6795371616927,3427.5269150919066,3505.3742930221197,3583.2216709523336,3661.0690488825467,3738.9164268127606,3816.7638047429737,3894.6111826731876,3972.4585606034007,4050.3059385336146,4128.153316463828,4206.000694394042,1926-03-13,13,0.191,1849.627790912672,3,1926,77.84737793021354,1325.6477109761406,1925
1926-03-14,2003.198257352676,2077.5845626736027,2151.9708679945297,2226.3571733154567,2300.7434786363838,2375.129783957311,2449.516089278238,2523.902394599165,2598.288699920092,2672.675005241019,2747.061310561946,2821.447615882873,2895.8339212038,2970.220226524727,3044.606531845654,3118.992837166581,3193.379142487508,3267.765447808435,3342.151753129362,3416.538058450289,3490.924363771216,3565.310669092143,3639.69697441307,3714.083279733997,3788.469585054924,3862.8558903758512,3937.2421956967783,4011.6285010177053,4086.0148063386323,4160.401111659559,1926-03-14,14,0.187,1897.6561857477398,3,1926,74.38630532092702,1408.1078147852597,1925
1926-03-15,2067.540683392994,2139.7058032752266,2211.8709231574594,2284.0360430396922,2356.201162921925,2428.3662828041574,2500.5314026863903,2572.6965225686226,2644.8616424508555,2717.0267623330883,2789.191882215321,2861.3570020975535,2933.522121979786,3005.6872418620187,3077.8523617442515,3150.0174816264844,3222.182601508717,3294.3477213909496,3366.512841273182,3438.677961155415,3510.8430810376476,3583.0082009198804,3655.1733208021133,3727.338440684345,3799.503560566578,3871.668680448811,3943.8338003310437,4015.9989202132765,4088.1640400955093,4160.329159977741,1926-03-15,15,0.179,1989.676965494573,3,1926,72.16511988223267,1490.2197243351327,1925
1926-03-16,2122.4700599231105,2188.8618268037667,2255.2535936844233,2321.6453605650795,2388.0371274457357,2454.4288943263923,2520.8206612070485,2587.212428087705,2653.6041949683613,2719.9959618490175,2786.387728729674,2852.7794956103303,2919.171262490987,2985.563029371643,3051.9547962522993,3118.346563132956,3184.7383300136125,3251.1300968942687,3317.521863774925,3383.913630655581,3450.3053975362377,3516.6971644168943,3583.0889312975505,3649.4806981782067,3715.872465058863,3782.264231939519,3848.655998820176,3915.0477657008323,3981.4395325814885,4047.8312994621447,1926-03-16,16,0.17,2067.877946003444,3,1926,66.39176688065636,1591.3359248778595,1925
1926-03-17,2216.560551684888,2287.2307852592226,2357.901018833557,2428.5712524078917,2499.241485982226,2569.9117195565605,2640.5819531308953,2711.2521867052296,2781.922420279564,2852.592653853899,2923.262887428233,2993.9331210025675,3064.6033545769023,3135.2735881512367,3205.943821725571,3276.614055299906,3347.2842888742402,3417.9545224485746,3488.6247560229094,3559.294989597244,3629.965223171578,3700.635456745913,3771.305690320247,3841.9759238945817,3912.6461574689165,3983.3163910432504,4053.986624617585,4124.65685819192,4195.327091766254,4265.997325340589,1926-03-17,17,0.157,2181.9233591234583,3,1926,70.6702335743345,1651.1986830902122,1925
1926-03-18,2363.347751554574,2449.5492624562453,2535.7507733579164,2621.9522842595875,2708.1537951612586,2794.3553060629297,2880.5568169646003,2966.7583278662714,3052.9598387679425,3139.1613496696136,3225.3628605712847,3311.564371472956,3397.765882374627,3483.967393276298,3570.168904177969,3656.37041507964,3742.5719259813113,3828.7734368829824,3914.9749477846535,4001.176458686324,4087.3779695879953,4173.579480489667,4259.780991391337,4345.982502293009,4432.184013194679,4518.385524096351,4604.587034998021,4690.788545899693,4776.990056801364,4863.191567703036,1926-03-18,18,0.141,2334.6530889382584,3,1926,86.20151090167106,1673.7356643412058,1925
1926-03-19,2643.626440821717,2769.244887927677,2894.8633350336377,3020.4817821395973,3146.100229245558,3271.7186763515174,3397.337123457478,3522.9555705634375,3648.574017669398,3774.192464775358,3899.810911881318,4025.429358987278,4151.047806093238,4276.666253199199,4402.284700305158,4527.903147411118,4653.5215945170785,4779.140041623039,4904.758488728999,5030.376935834958,5155.995382940919,5281.613830046879,5407.232277152839,5532.850724258798,5658.469171364759,5784.0876184707195,5909.70606557668,6035.324512682639,6160.942959788599,6286.56140689456,1926-03-19,19,0.113,2666.653230564991,3,1926,125.61844710596007,1638.6788639740366,1925
1926-03-20,2938.822363314776,3101.569742045359,3264.3171207759424,3427.064499506526,3589.8118782371093,3752.5592569676924,3915.306635698276,4078.054014428859,4240.801393159442,4403.548771890026,4566.296150620608,4729.043529351193,4891.790908081775,5054.538286812359,5217.285665542942,5380.033044273525,5542.780423004109,5705.527801734692,5868.275180465275,6031.022559195859,6193.769937926442,6356.517316657026,6519.264695387608,6682.012074118192,6844.759452848775,7007.506831579359,7170.254210309942,7333.001589040525,7495.748967771108,7658.496346501692,1926-03-20,20,0.098,2876.3891628746333,3,1926,162.7473787305833,1636.8433334701094,1925
1926-03-21,3560.7073561172565,3815.6721295830107,4070.636903048765,4325.60167651452,4580.566449980273,4835.531223446028,5090.495996911783,5345.460770377536,5600.425543843291,5855.390317309046,6110.3550907747995,6365.319864240554,6620.284637706308,6875.2494111720625,7130.214184637817,7385.178958103571,7640.143731569326,7895.10850503508,8150.073278500834,8405.038051966589,8660.002825432344,8914.967598898096,9169.932372363852,9424.897145829606,9679.86191929536,9934.826692761115,10189.79146622687,10444.756239692622,10699.721013158378,10954.685786624133,1926-03-21,21,0.052000000000000005,3668.764082780309,3,1926,254.96477346575432,1520.989168391222,1925
1926-03-22,4064.2284223288757,4379.155189661829,4694.0819569947835,5009.008724327738,5323.935491660691,5638.862258993645,5953.789026326599,6268.715793659552,6583.642560992506,6898.56932832546,7213.496095658414,7528.422862991368,7843.349630324322,8158.276397657275,8473.20316499023,8788.129932323183,9103.056699656136,9417.983466989092,9732.910234322044,10047.837001655,10362.763768987952,10677.690536320904,10992.61730365386,11307.544070986813,11622.470838319769,11937.39760565272,12252.324372985677,12567.251140318629,12882.177907651581,13197.104674984537,1926-03-22,22,0.045,3835.388600694321,3,1926,314.92676733295383,1544.814283665245,1925
1926-03-23,4513.014273183153,4866.048174614183,5219.082076045213,5572.115977476244,5925.149878907274,6278.183780338304,6631.217681769334,6984.251583200365,7337.285484631395,7690.319386062425,8043.353287493455,8396.387188924486,8749.421090355516,9102.454991786546,9455.488893217576,9808.522794648607,10161.556696079635,10514.590597510665,10867.624498941695,11220.658400372726,11573.692301803756,11926.726203234786,12279.760104665816,12632.794006096847,12985.827907527877,13338.861808958907,13691.895710389937,14044.929611820968,14397.963513251998,14750.997414683028,1926-03-23,23,0.036000000000000004,4142.37914723726,3,1926,353.0339014310302,1688.7430617349119,1925
1926-03-24,4834.338997132885,5190.186577533517,5546.0341579341475,5901.88173833478,6257.729318735412,6613.576899136042,6969.424479536674,7325.272059937304,7681.119640337936,8036.9672207385665,8392.814801139199,8748.662381539829,9104.509961940461,9460.357542341093,9816.205122741723,10172.052703142355,10527.900283542987,10883.747863943618,11239.59544434425,11595.44302474488,11951.290605145512,12307.138185546142,12662.985765946774,13018.833346347405,13374.680926748037,13730.528507148669,14086.376087549299,14442.223667949931,14798.071248350561,15153.918828751193,1926-03-24,24,0.031,4352.413415622739,3,1926,355.8475804006313,1987.5583539278355,1925
1926-03-25,4979.382006674305,5295.156677201946,5610.931347729587,5926.706018257229,6242.48068878487,6558.255359312512,6874.030029840153,7189.804700367795,7505.579370895435,7821.354041423077,8137.128711950718,8452.90338247836,8768.678053006,9084.452723533643,9400.227394061283,9716.002064588925,10031.776735116568,10347.551405644208,10663.32607617185,10979.10074669949,11294.875417227133,11610.650087754773,11926.424758282415,12242.199428810056,12557.974099337698,12873.74876986534,13189.52344039298,13505.298110920623,13821.072781448263,14136.847451975906,1926-03-25,25,0.027999999999999997,4471.995632171921,3,1926,315.7746705276414,2453.1846424531736,1925
1926-03-26,5071.556054442761,5339.011478052065,5606.466901661371,5873.922325270676,6141.377748879981,6408.833172489285,6676.2885960985905,6943.744019707896,7211.1994433172,7478.654866926505,7746.11029053581,8013.565714145116,8281.02113775442,8548.476561363725,8815.931984973031,9083.387408582335,9350.84283219164,9618.298255800944,9885.753679410249,10153.209103019555,10420.66452662886,10688.119950238164,10955.57537384747,11223.030797456775,11490.48622106608,11757.941644675384,12025.397068284688,12292.852491893995,12560.3079155033,12827.763339112604,1926-03-26,26,0.024,4664.810478657597,3,1926,267.45542360930494,2931.9126655683212,1925
1926-03-27,4968.1658949021175,5145.901588776871,5323.6372826516235,5501.372976526376,5679.108670401129,5856.844364275881,6034.580058150634,6212.315752025387,6390.05144590014,6567.787139774892,6745.522833649646,6923.258527524398,7100.994221399151,7278.729915273903,7456.465609148656,7634.201303023408,7811.936996898161,7989.6726907729135,8167.408384647668,8345.14407852242,8522.879772397173,8700.615466271925,8878.351160146678,9056.08685402143,9233.822547896183,9411.558241770936,9589.293935645688,9767.029629520443,9944.765323395195,10122.501017269948,1926-03-27,27,0.024,4664.810478657597,3,1926,177.73569387475274,3546.280343904096,1925
1926-03-28,4948.876227352057,5086.216418772248,5223.55661019244,5360.896801612632,5498.236993032823,5635.5771844530145,5772.917375873207,5910.257567293398,6047.597758713589,6184.937950133781,6322.278141553972,6459.618332974164,6596.958524394356,6734.298715814547,6871.638907234739,7008.979098654931,7146.319290075122,7283.659481495313,7420.999672915505,7558.339864335697,7695.680055755888,7833.0202471760795,7970.360438596272,8107.700630016463,8245.040821436654,8382.381012856846,8519.721204277037,8657.06139569723,8794.40158711742,8931.741778537613,1926-03-28,28,0.024,4664.810478657597,3,1926,137.34019142019156,3850.1546959905245,1925
1926-03-29,4822.9273753264815,4901.394228180817,4979.861081035152,5058.327933889487,5136.794786743823,5215.261639598159,5293.728492452494,5372.195345306829,5450.662198161164,5529.1290510154995,5607.595903869836,5686.062756724171,5764.529609578506,5842.996462432841,5921.4633152871775,5999.930168141513,6078.397020995848,6156.863873850183,6235.330726704518,6313.797579558854,6392.264432413189,6470.731285267525,6549.19813812186,6627.664990976196,6706.131843830532,6784.598696684867,6863.065549539202,6941.532402393537,7019.9992552478725,7098.466108102208,1926-03-29,29,0.026,4602.200116359257,3,1926,78.46685285433541,4195.192552491798,1925
1926-03-30,4654.366571149993,4678.310722179245,4702.254873208497,4726.199024237749,4750.143175267,4774.087326296251,4798.031477325503,4821.975628354755,4845.919779384007,4869.8639304132585,4893.80808144251,4917.752232471762,4941.696383501014,4965.6405345302655,4989.584685559517,5013.528836588769,5037.472987618021,5061.417138647273,5085.361289676524,5109.305440705776,5133.249591735028,5157.19374276428,5181.1378937935315,5205.082044822782,5229.026195852035,5252.970346881286,5276.914497910538,5300.858648939789,5324.802799969041,5348.746950998293,1926-03-30,30,0.027999999999999997,4489.089169104195,3,1926,23.944151029251728,4462.813362915979,1925
1926-03-31,4492.505231375413,4473.214346733791,4453.923462092169,4434.632577450546,4415.341692808924,4396.0508081673015,4376.759923525679,4357.469038884057,4338.178154242434,4318.887269600812,4299.59638495919,4280.305500317568,4261.014615675946,4241.723731034323,4222.4328463927,4203.141961751078,4183.851077109456,4164.560192467833,4145.269307826211,4125.978423184589,4106.687538542967,4087.396653901344,4068.1057692597215,4048.8148846180993,4029.523999976477,4010.2331153348546,3990.942230693232,3971.65134605161,3952.3604614099877,3933.069576768365,1926-03-31,31,0.028999999999999998,4429.965035985155,3,1926,-19.29088464162235,4646.832308508392,1925
1926-04-01,4342.5716120465195,4289.063602670105,4235.555593293691,4182.047583917278,4128.539574540863,4075.031565164449,4021.523555788035,3968.0155464116215,3914.5075370352074,3860.9995276587933,3807.4915182823793,3753.983508905965,3700.4754995295516,3646.967490153137,3593.4594807767235,3539.9514714003094,3486.4434620238953,3432.9354526474817,3379.427443271067,3325.9194338946536,3272.4114245182395,3218.9034151418255,3165.3954057654114,3111.8873963889973,3058.3793870125837,3004.871377636169,2951.3633682597556,2897.8553588833415,2844.3473495069275,2790.839340130514,1926-04-01,1,0.03,4380.5397894438265,4,1926,-53.50800937641399,4770.635687057831,1925
1926-04-02,4288.3380473155,4231.424171371109,4174.510295426719,4117.596419482327,4060.6825435379355,4003.7686675935447,3946.8547916491534,3889.940915704762,3833.027039760371,3776.1131638159795,3719.1992878715882,3662.285411927197,3605.3715359828057,3548.4576600384144,3491.543784094023,3434.629908149632,3377.7160322052405,3320.802156260849,3263.8882803164583,3206.974404372067,3150.0605284276758,3093.1466524832845,3036.2327765388936,2979.3189005945023,2922.405024650111,2865.4911487057198,2808.5772727613285,2751.663396816937,2694.749520872546,2637.8356449281546,1926-04-02,2,0.03,4380.5397894438265,4,1926,-56.91387594439124,4743.649054870631,1925
1926-04-03,4284.346670455611,4235.9854693227735,4187.624268189937,4139.2630670571,4090.9018659242624,4042.5406647914256,3994.1794636585882,3945.8182625257514,3897.457061392914,3849.0958602600767,3800.73465912724,3752.3734579944025,3704.0122568615657,3655.6510557287284,3607.2898545958915,3558.928653463054,3510.567452330217,3462.20625119738,3413.845050064543,3365.483848931706,3317.1226477988685,3268.7614466660316,3220.4002455331943,3172.039044400357,3123.67784326752,3075.316642134683,3026.955441001846,2978.5942398690086,2930.2330387361717,2881.8718376033344,1926-04-03,3,0.03,4397.395945914858,4,1926,-48.361201132837124,4671.236279518308,1925
1926-04-04,4361.185761848719,4338.9205780815055,4316.655394314291,4294.390210547077,4272.125026779862,4249.859843012648,4227.594659245434,4205.329475478219,4183.064291711005,4160.799107943791,4138.533924176576,4116.268740409362,4094.0035566421475,4071.7383728749332,4049.473189107719,4027.2080053405048,4004.9428215732905,3982.677637806076,3960.4124540388616,3938.1472702716474,3915.882086504433,3893.616902737219,3871.351718970004,3849.0865352027904,3826.8213514355757,3804.5561676683615,3782.2909839011472,3760.025800133933,3737.7606163667188,3715.495432599504,1926-04-04,4,0.027999999999999997,4471.995632171921,4,1926,-22.26518376721432,4539.307231986434,1925
1926-04-05,4448.504554287506,4452.108745317669,4455.7129363478325,4459.317127377995,4462.921318408158,4466.525509438322,4470.129700468485,4473.733891498648,4477.338082528811,4480.942273558974,4484.546464589137,4488.150655619301,4491.754846649464,4495.359037679627,4498.96322870979,4502.567419739953,4506.171610770117,4509.77580180028,4513.3799928304425,4516.984183860606,4520.588374890769,4524.192565920932,4527.796756951096,4531.4009479812585,4535.005139011421,4538.609330041585,4542.213521071748,4545.817712101912,4549.4219031320745,4553.026094162237,1926-04-05,5,0.027999999999999997,4489.089169104195,4,1926,3.604191030163164,4419.6710260462005,1925
1926-04-06,4517.5742661115855,4537.566614292347,4557.558962473109,4577.551310653871,4597.543658834633,4617.536007015396,4637.5283551961575,4657.520703376919,4677.513051557681,4697.505399738443,4717.497747919205,4737.490096099967,4757.482444280729,4777.474792461491,4797.467140642253,4817.459488823015,4837.451837003777,4857.444185184539,4877.4365333653,4897.428881546062,4917.421229726824,4937.413577907587,4957.405926088349,4977.3982742691105,4997.390622449872,5017.382970630634,5037.375318811396,5057.367666992158,5077.360015172921,5097.352363353682,1926-04-06,6,0.027000000000000003,4513.708751655985,4,1926,19.99234818076195,4357.63548066549,1925
1926-04-07,4533.951912243497,4556.53757923628,4579.1232462290645,4601.708913221848,4624.294580214631,4646.880247207416,4669.465914200199,4692.051581192984,4714.637248185767,4737.2229151785505,4759.808582171335,4782.394249164118,4804.979916156902,4827.565583149686,4850.1512501424695,4872.736917135253,4895.322584128037,4917.908251120821,4940.493918113605,4963.079585106389,4985.665252099172,5008.250919091956,5030.83658608474,5053.422253077524,5076.007920070308,5098.593587063091,5121.179254055875,5143.764921048659,5166.350588041442,5188.936255034227,1926-04-07,7,0.027999999999999997,4471.995632171921,4,1926,22.585666992783782,4353.266576301226,1925
1926-04-08,4523.142938973872,4539.760082551818,4556.377226129764,4572.99436970771,4589.611513285655,4606.2286568636,4622.845800441546,4639.462944019491,4656.080087597437,4672.6972311753825,4689.314374753328,4705.931518331274,4722.548661909219,4739.165805487165,4755.78294906511,4772.400092643056,4789.017236221001,4805.634379798947,4822.251523376893,4838.868666954838,4855.485810532784,4872.102954110729,4888.720097688674,4905.33724126662,4921.9543848445655,4938.571528422512,4955.188672000457,4971.805815578402,4988.422959156348,5005.040102734293,1926-04-08,8,0.027999999999999997,4471.995632171921,4,1926,16.617143577945548,4390.205790350308,1925
1926-04-09,4447.00836375561,4444.59186352899,4442.17536330237,4439.75886307575,4437.34236284913,4434.92586262251,4432.50936239589,4430.09286216927,4427.676361942651,4425.259861716031,4422.843361489411,4420.426861262791,4418.010361036171,4415.593860809551,4413.177360582931,4410.760860356311,4408.344360129691,4405.927859903071,4403.511359676451,4401.094859449831,4398.678359223211,4396.261858996591,4393.845358769971,4391.428858543351,4389.0123583167315,4386.5958580901115,4384.1793578634915,4381.762857636872,4379.346357410252,4376.929857183632,1926-04-09,9,0.03,4380.5397894438265,4,1926,-2.416500226619944,4466.34036556857,1925
1926-04-10,4336.813112118566,4310.030101038297,4283.247089958029,4256.4640788777615,4229.681067797494,4202.898056717226,4176.115045636957,4149.332034556689,4122.549023476421,4095.766012396153,4068.983001315885,4042.199990235617,4015.416979155349,3988.6339680750807,3961.850956994813,3935.067945914545,3908.2849348342766,3881.5019237540087,3854.7189126737403,3827.9359015934724,3801.1528905132045,3774.369879432936,3747.5868683526683,3720.8038572724,3694.020846192132,3667.237835111864,3640.454824031596,3613.671812951328,3586.88880187106,3560.1057907907916,1926-04-10,10,0.033,4308.291488357682,4,1926,-26.783011080268064,4551.07720076071,1925
1926-04-11,4220.179669026832,4173.281042100131,4126.382415173432,4079.483788246731,4032.5851613200307,3985.6865343933305,3938.7879074666303,3891.88928053993,3844.9906536132294,3798.0920266865296,3751.193399759829,3704.2947728331287,3657.3961459064285,3610.4975189797283,3563.598892053028,3516.700265126328,3469.8016381996276,3422.903011272927,3376.004384346227,3329.1057574195265,3282.2071304928268,3235.308503566126,3188.409876639426,3141.5112497127257,3094.6126227860254,3047.713995859325,3000.815368932625,2953.916742005925,2907.018115079224,2860.1194881525244,1926-04-11,11,0.034,4218.798774229887,4,1926,-46.89862692670026,4595.368684440434,1925
1926-04-12,4114.819070870203,4053.2475188122958,3991.6759667543884,3930.1044146964805,3868.532862638573,3806.9613105806657,3745.389758522758,3683.8182064648504,3622.2466544069425,3560.675102349035,3499.1035502911272,3437.53199823322,3375.9604461753124,3314.3888941174046,3252.8173420594967,3191.2457900015897,3129.674237943682,3068.102685885774,3006.5311338278666,2944.959581769959,2883.3880297120513,2821.816477654144,2760.2449255962365,2698.6733735383286,2637.1018214804208,2575.5302694225134,2513.958717364606,2452.387165306698,2390.8156132487907,2329.244061190883,1926-04-12,12,0.036000000000000004,4162.406885681613,4,1926,-61.5715520579076,4607.391487333464,1925
1926-04-13,4035.146444863774,3968.173992464295,3901.2015400648165,3834.229087665338,3767.2566352658596,3700.2841828663804,3633.311730466902,3566.3392780674235,3499.366825667945,3432.394373268466,3365.4219208689874,3298.449468469509,3231.47701607003,3164.5045636705518,3097.532111271073,3030.5596588715944,2963.5872064721157,2896.614754072637,2829.6423016731583,2762.6698492736796,2695.6973968742013,2628.724944474722,2561.752492075244,2494.7800396757652,2427.8075872762865,2360.835134876808,2293.862682477329,2226.8902300778504,2159.9177776783717,2092.9453252788935,1926-04-13,13,0.037000000000000005,4107.22557917497,4,1926,-66.97245239947864,4570.926064059603,1925
1926-04-14,3995.6657922900354,3931.8506786398707,3868.0355649897056,3804.220451339541,3740.4053376893758,3676.5902240392106,3612.775110389046,3548.959996738881,3485.144883088716,3421.329769438551,3357.5146557883863,3293.699542138221,3229.884428488056,3166.0693148378914,3102.2542011877267,3038.439087537561,2974.6239738873965,2910.808860237232,2846.9937465870667,2783.1786329369015,2719.363519286737,2655.5484056365717,2591.7332919864066,2527.918178336242,2464.1030646860772,2400.287951035912,2336.472837385747,2272.6577237355823,2208.842610085417,2145.0274964352525,1926-04-14,14,0.037000000000000005,4107.22557917497,4,1926,-63.81511365016494,4506.186701491355,1925
1926-04-15,3958.0178558153357,3900.960590656241,3843.903325497146,3786.846060338051,3729.788795178956,3672.731530019861,3615.674264860766,3558.6169997016714,3501.5597345425763,3444.502469383481,3387.4452042243865,3330.387939065291,3273.3306739061964,3216.2734087471013,3159.216143588006,3102.1588784289115,3045.1016132698164,2988.0443481107213,2930.9870829516267,2873.9298177925316,2816.8725526334365,2759.815287474342,2702.7580223152468,2645.7007571561517,2588.643491997057,2531.586226837962,2474.528961678867,2417.471696519772,2360.414431360677,2303.357166201582,1926-04-15,15,0.039,4019.24031909905,4,1926,-57.05726515909496,4414.4759770880955,1925
1926-04-16,3876.582043324629,3816.398867885534,3756.215692446439,3696.032517007344,3635.8493415682487,3575.6661661291537,3515.4829906900586,3455.299815250963,3395.116639811868,3334.933464372773,3274.7502889336774,3214.5671134945824,3154.3839380554873,3094.2007626163922,3034.017587177297,2973.834411738202,2913.651236299107,2853.468060860012,2793.2848854209165,2733.1017099818214,2672.9185345427263,2612.735359103631,2552.5521836645357,2492.3690082254407,2432.1858327863456,2372.0026573472505,2311.8194819081555,2251.63630646906,2191.453131029965,2131.26995559087,1926-04-16,16,0.043,3898.0145898488977,4,1926,-60.18317543909515,4358.04744683739,1925
1926-04-17,3808.236990447415,3747.1751640486336,3686.1133376498524,3625.051511251071,3563.98968485229,3502.9278584535086,3441.8660320547274,3380.804205655946,3319.742379257165,3258.6805528583836,3197.618726459603,3136.556900060821,3075.4950736620403,3014.4332472632586,2953.371420864478,2892.3095944656966,2831.2477680669153,2770.185941668134,2709.124115269353,2648.0622888705716,2587.0004624717903,2525.9386360730095,2464.876809674228,2403.814983275447,2342.7531568766653,2281.6913304778845,2220.6295040791033,2159.567677680322,2098.505851281541,2037.4440248827595,1926-04-17,17,0.044000000000000004,3854.478345088378,4,1926,-61.061826398781214,4296.731601637664,1925
1926-04-18,3735.214178627717,3670.855229899452,3606.4962811711866,3542.137332442921,3477.778383714656,3413.4194349863906,3349.0604862581254,3284.70153752986,3220.342588801595,3155.9836400733298,3091.6246913450645,3027.2657426167993,2962.906793888534,2898.5478451602685,2834.1888964320033,2769.829947703738,2705.470998975473,2641.1120502472077,2576.7531015189425,2512.3941527906773,2448.035204062412,2383.676255334147,2319.3173066058816,2254.9583578776164,2190.5994091493512,2126.240460421086,2061.881511692821,1997.5225629645556,1933.1636142362904,1868.8046655080252,1926-04-18,18,0.046,3799.958516717555,4,1926,-64.35894872826523,4250.085768453839,1925
1926-04-19,3688.4160244915847,3625.8922288715976,3563.36843325161,3500.8446376316224,3438.3208420116352,3375.7970463916477,3313.27325077166,3250.7494551516725,3188.225659531685,3125.7018639116977,3063.17806829171,3000.6542726717225,2938.1304770517354,2875.606681431748,2813.08288581176,2750.559090191773,2688.0352945717855,2625.511498951798,2562.9877033318107,2500.4639077118227,2437.9401120918355,2375.416316471848,2312.8925208518604,2250.368725231873,2187.8449296118856,2125.321133991898,2062.797338371911,2000.2735427519233,1937.7497471319357,1875.225951511948,1926-04-19,19,0.047,3783.43551969692,4,1926,-62.52379561998747,4188.606389451485,1925
1926-04-20,3630.581105732488,3567.757911107885,3504.9347164832816,3442.1115218586783,3379.288327234075,3316.4651326094713,3253.641937984868,3190.8187433602648,3127.9955487356615,3065.1723541110578,3002.3491594864545,2939.525964861851,2876.702770237248,2813.8795756126447,2751.0563809880414,2688.233186363438,2625.4099917388344,2562.586797114231,2499.7636024896274,2436.940407865024,2374.117213240421,2311.2940186158175,2248.4708239912143,2185.647629366611,2122.8244347420077,2060.001240117404,1997.1780454928007,1934.3548508681974,1871.5316562435942,1808.7084616189904,1926-04-20,20,0.05,3710.764319990535,4,1926,-62.82319462460337,4133.166662729315,1925
1926-04-21,3605.383374165322,3551.9200858058794,3498.4567974464367,3444.993509086994,3391.5302207275513,3338.0669323681086,3284.603644008666,3231.1403556492232,3177.6770672897806,3124.213778930338,3070.750490570895,3017.2872022114525,2963.8239138520103,2910.360625492567,2856.897337133125,2803.4340487736818,2749.9707604142395,2696.5074720547964,2643.044183695354,2589.580895335911,2536.117606976469,2482.6543186170256,2429.1910302575834,2375.7277418981403,2322.264453538698,2268.801165179255,2215.3378768198127,2161.8745884603695,2108.4113001009273,2054.948011741484,1926-04-21,21,0.052000000000000005,3668.764082780309,4,1926,-53.46328835944268,4033.0896810408635,1925
1926-04-22,3605.1150306219997,3564.101664816681,3523.088299011363,3482.0749332060445,3441.061567400726,3400.0482015954076,3359.0348357900893,3318.021469984771,3277.0081041794524,3235.994738374134,3194.981372568816,3153.968006763497,3112.954640958179,3071.9412751528607,3030.9279093475425,2989.914543542224,2948.9011777369055,2907.887811931587,2866.8744461262686,2825.8610803209504,2784.847714515632,2743.834348710314,2702.820982904995,2661.807617099677,2620.794251294358,2579.78088548904,2538.7675196837217,2497.7541538784035,2456.7407880730852,2415.7274222677665,1926-04-22,22,0.052000000000000005,3668.764082780309,4,1926,-41.01336580531838,3933.2219570645466,1925
1926-04-23,3602.9608368741447,3569.5964407414554,3536.2320446087656,3502.8676484760763,3469.5032523433865,3436.1388562106968,3402.7744600780075,3369.4100639453177,3336.0456678126284,3302.6812716799386,3269.316875547249,3235.9524794145595,3202.5880832818702,3169.2236871491805,3135.8592910164907,3102.4948948838014,3069.1304987511116,3035.7661026184223,3002.4017064857326,2969.037310353043,2935.6729142203535,2902.3085180876637,2868.9441219549744,2835.5797258222847,2802.215329689595,2768.8509335569056,2735.4865374242163,2702.1221412915265,2668.7577451588368,2635.393349026147,1926-04-23,23,0.052000000000000005,3668.764082780309,4,1926,-33.36439613268957,3869.8760059356614,1925
1926-04-24,3614.8983249530093,3591.150953065324,3567.403581177639,3543.6562092899535,3519.9088374022685,3496.161465514583,3472.414093626898,3448.6667217392132,3424.919349851528,3401.1719779638424,3377.4246060761575,3353.6772341884725,3329.929862300787,3306.182490413102,3282.4351185254172,3258.687746637732,3234.9403747500464,3211.1930028623615,3187.4456309746765,3163.698259086991,3139.950887199306,3116.203515311621,3092.456143423936,3068.7087715362504,3044.9613996485655,3021.2140277608805,2997.466655873195,2973.71928398551,2949.9719120978248,2926.22454021014,1926-04-24,24,0.052000000000000005,3668.764082780309,4,1926,-23.747371887685148,3804.87730005449,1925
1926-04-25,3630.0007812026747,3614.7145388751646,3599.4282965476546,3584.1420542201445,3568.8558118926344,3553.5695695651243,3538.2833272376142,3522.997084910104,3507.710842582594,3492.424600255084,3477.138357927574,3461.852115600064,3446.5658732725537,3431.2796309450437,3415.9933886175336,3400.707146290023,3385.420903962513,3370.134661635003,3354.848419307493,3339.5621769799827,3324.2759346524726,3308.9896923249626,3293.7034499974525,3278.4172076699424,3263.1309653424323,3247.8447230149222,3232.558480687412,3217.272238359902,3201.985996032392,3186.699753704882,1926-04-25,25,0.052000000000000005,3668.764082780309,4,1926,-15.28624232751009,3752.2907198227554,1925
1926-04-26,3656.76401500596,3652.263989590579,3647.7639641751975,3643.2639387598165,3638.7639133444354,3634.263887929054,3629.763862513673,3625.2638370982913,3620.7638116829103,3616.263786267529,3611.7637608521477,3607.2637354367666,3602.7637100213856,3598.263684606004,3593.763659190623,3589.263633775242,3584.7636083598604,3580.2635829444794,3575.763557529098,3571.263532113717,3566.7635066983357,3562.263481282954,3557.763455867573,3553.263430452192,3548.7634050368106,3544.2633796214295,3539.763354206048,3535.263328790667,3530.763303375286,3526.2632779599044,1926-04-26,26,0.052000000000000005,3668.764082780309,4,1926,-4.500025415381228,3692.76421832901,1925
1926-04-27,3668.76408278031,3668.7640827803107,3668.764082780311,3668.764082780311,3668.7640827803116,3668.764082780312,3668.764082780312,3668.7640827803125,3668.764082780313,3668.764082780313,3668.7640827803134,3668.764082780314,3668.764082780314,3668.7640827803143,3668.7640827803148,3668.7640827803148,3668.764082780315,3668.7640827803157,3668.7640827803157,3668.764082780316,3668.7640827803166,3668.7640827803166,3668.764082780317,3668.7640827803175,3668.7640827803175,3668.764082780318,3668.7640827803184,3668.7640827803184,3668.764082780319,3668.7640827803193,1926-04-27,27,0.052000000000000005,3668.764082780309,4,1926,3.046817419642889e-13,3668.764082780308,1925
1926-04-28,3649.899861752447,3646.3628203097232,3642.825778866999,3639.288737424275,3635.751695981551,3632.214654538827,3628.677613096103,3625.140571653379,3621.603530210655,3618.066488767931,3614.529447325207,3610.992405882483,3607.4553644397593,3603.918322997035,3600.381281554311,3596.844240111587,3593.307198668863,3589.770157226139,3586.233115783415,3582.696074340691,3579.159032897967,3575.621991455243,3572.084950012519,3568.5479085697953,3565.010867127071,3561.473825684347,3557.936784241623,3554.399742798899,3550.862701356175,3547.325659913451,1926-04-28,28,0.053,3635.7516959815503,4,1926,-3.537041442723999,3678.196193294239,1925
1926-04-29,3624.7733764340715,3616.819872447712,3608.866368461353,3600.912864474994,3592.9593604886345,3585.0058565022755,3577.052352515916,3569.098848529557,3561.145344543198,3553.1918405568385,3545.2383365704795,3537.2848325841205,3529.331328597761,3521.377824611402,3513.4243206250426,3505.4708166386836,3497.5173126523246,3489.563808665965,3481.610304679606,3473.6568006932466,3465.7032967068876,3457.7497927205286,3449.796288734169,3441.84278474781,3433.8892807614507,3425.9357767750917,3417.9822727887326,3410.028768802373,3402.075264816014,3394.1217608296547,1926-04-29,29,0.054000000000000006,3616.539636773463,4,1926,-7.9535039863591885,3688.401408324945,1925
1926-04-30,3555.122084281903,3534.8700061670625,3514.617928052222,3494.365849937381,3474.1137718225405,3453.8616937076995,3433.609615592859,3413.3575374780185,3393.1054593631775,3372.8533812483365,3352.601303133496,3332.3492250186555,3312.0971469038145,3291.845068788974,3271.592990674133,3251.3409125592925,3231.088834444452,3210.836756329611,3190.58467821477,3170.3326000999296,3150.080521985089,3129.828443870248,3109.5763657554076,3089.3242876405666,3069.072209525726,3048.8201314108856,3028.5680532960446,3008.315975181204,2988.063897066363,2967.8118189515226,1926-04-30,30,0.057999999999999996,3525.5651133126094,4,1926,-20.252078114840714,3717.138709200629,1925
1926-05-01,3450.8830533353166,3413.125762295431,3375.368471255545,3337.6111802156597,3299.853889175774,3262.0965981358886,3224.339307096003,3186.582016056117,3148.8247250162317,3111.0674339763464,3073.3101429364606,3035.552851896575,2997.7955608566895,2960.0382698168037,2922.2809787769183,2884.5236877370326,2846.766396697147,2809.0091056572614,2771.251814617376,2733.4945235774903,2695.7372325376045,2657.9799414977188,2620.2226504578334,2582.465359417948,2544.7080683780623,2506.9507773381765,2469.193486298291,2431.436195258406,2393.67890421852,2355.9216131786343,1926-05-01,1,0.061,3429.2368280554547,5,1926,-37.75729103988559,3752.941381654401,1925
1926-05-02,3347.9607572443624,3295.0837772677637,3242.2067972911655,3189.3298173145668,3136.452837337968,3083.5758573613693,3030.6988773847706,2977.821897408172,2924.9449174315732,2872.067937454975,2819.1909574783763,2766.3139775017776,2713.436997525179,2660.5600175485806,2607.683037571982,2554.806057595383,2501.9290776187845,2449.052097642186,2396.175117665587,2343.2981376889884,2290.4211577123897,2237.544177735791,2184.6671977591923,2131.790217782594,2078.9132378059953,2026.0362578293966,1973.1592778527981,1920.2822978761994,1867.4053178996007,1814.5283379230023,1926-05-02,2,0.064,3371.6593003716016,5,1926,-52.87697997659863,3770.9765970571516,1925
1926-05-03,3278.437559746524,3219.355943090928,3160.2743264353317,3101.192709779735,3042.111093124139,2983.0294764685427,2923.9478598129463,2864.86624315735,2805.7846265017533,2746.7030098461573,2687.621393190561,2628.5397765349644,2569.4581598793684,2510.376543223772,2451.2949265681755,2392.2133099125795,2333.131693256983,2274.0500766013865,2214.9684599457905,2155.8868432901936,2096.8052266345976,2037.7236099790011,1978.641993323405,1919.5603766678084,1860.4787600122122,1801.397143356616,1742.3155267010195,1683.2339100454233,1624.1522933898268,1565.0706767342303,1926-05-03,3,0.065,3355.8315273073767,5,1926,-59.081616655596335,3751.090492991295,1925
1926-05-04,3236.8775769659183,3179.6284670646705,3122.379357163423,3065.130247262175,3007.8811373609274,2950.63202745968,2893.3829175584324,2836.1338076571847,2778.884697755937,2721.635587854689,2664.3864779534415,2607.137368052194,2549.888258150946,2492.6391482496983,2435.3900383484506,2378.140928447203,2320.891818545955,2263.6427086447075,2206.39359874346,2149.1444888422125,2091.8953789409647,2034.646269039717,1977.3971591384695,1920.1480492372218,1862.898939335974,1805.6498294347264,1748.4007195334787,1691.1516096322312,1633.9024997309834,1576.6533898297357,1926-05-04,4,0.068,3326.534014194297,5,1926,-57.24910990124767,3694.8704561758996,1925
1926-05-05,3180.652095906236,3123.4780632694633,3066.3040306326902,3009.1299979959176,2951.9559653591446,2894.7819327223715,2837.607900085599,2780.433867448826,2723.2598348120528,2666.08580217528,2608.9117695385075,2551.737736901734,2494.5637042649614,2437.389671628189,2380.2156389914157,2323.0416063546427,2265.86757371787,2208.693541081097,2151.519508444324,2094.3454758075513,2037.1714431707785,1979.9974105340057,1922.8233778972326,1865.6493452604598,1808.475312623687,1751.301279986914,1694.1272473501413,1636.9532147133682,1579.7791820765956,1522.6051494398225,1926-05-05,5,0.075,3240.0711651584834,5,1926,-57.17403263677288,3638.044357000419,1925
1926-05-06,3109.465791487602,3051.8937899173443,2994.321788347086,2936.7497867768284,2879.17778520657,2821.6057836363125,2764.0337820660543,2706.461780495796,2648.8897789255384,2591.31777735528,2533.7457757850225,2476.1737742147643,2418.601772644506,2361.0297710742484,2303.4577695039907,2245.8857679337325,2188.3137663634743,2130.741764793216,2073.1697632229584,2015.5977616527005,1958.0257600824425,1900.4537585121843,1842.8817569419264,1785.3097553716684,1727.7377538014105,1670.1657522311525,1612.5937506608946,1555.0217490906366,1497.4497475203784,1439.8777459501207,1926-05-06,6,0.08,3129.378635980614,5,1926,-57.57200157025799,3570.041804049666,1925
1926-05-07,3048.656020175586,2991.295393705823,2933.93476723606,2876.574140766297,2819.2135142965344,2761.8528878267716,2704.492261357009,2647.131634887246,2589.771008417483,2532.41038194772,2475.049755477957,2417.689129008194,2360.328502538431,2302.9678760686684,2245.6072495989056,2188.246623129143,2130.88599665938,2073.525370189617,2016.1647437198542,1958.8041172500914,1901.4434907803284,1844.0828643105656,1786.7222378408028,1729.3616113710398,1672.000984901277,1614.6403584315142,1557.2797319617512,1499.9191054919884,1442.5584790222256,1385.1978525524628,1926-05-07,7,0.08199999999999999,3093.978211314623,5,1926,-57.36062646976287,3507.541031933689,1925
1926-05-08,2938.993594267064,2870.5174068145047,2802.041219361946,2733.5650319093866,2665.0888444568277,2596.612657004269,2528.1364695517095,2459.6602820991507,2391.184094646592,2322.7079071940325,2254.231719741473,2185.7555322889148,2117.2793448363554,2048.803157383796,1980.3269699312373,1911.8507824786782,1843.374595026119,1774.8984075735602,1706.4222201210011,1637.946032668442,1569.469845215883,1500.9936577633239,1432.517470310765,1364.0412828582057,1295.5650954056468,1227.088907953088,1158.6127205005287,1090.1365330479698,1021.6603455954105,953.1841581428516,1926-05-08,8,0.091,2972.8355542141107,5,1926,-68.47618745255905,3486.8030938875363,1925
1926-05-09,2838.896396791799,2761.574544581021,2684.2526923702435,2606.9308401594662,2529.6089879486885,2452.287135737911,2374.9652835271336,2297.6434313163554,2220.321579105578,2142.999726894801,2065.6778746840228,1988.3560224732455,1911.0341702624678,1833.7123180516903,1756.3904658409128,1679.0686136301351,1601.7467614193577,1524.4249092085802,1447.1030569978025,1369.7812047870248,1292.4593525762475,1215.1375003654698,1137.815648154692,1060.4937959439148,983.1719437331371,905.8500915223594,828.5282393115822,751.2063871008045,673.8845348900268,596.5626826792495,1926-05-09,9,0.095,2918.657531274862,5,1926,-77.32185221077756,3457.471214478019,1925
1926-05-10,2740.057644687106,2657.1815090612276,2574.3053734353493,2491.4292378094715,2408.553102183593,2325.676966557715,2242.8008309318366,2159.9246953059583,2077.04855968008,1994.1724240542017,1911.2962884283234,1828.4201528024453,1745.544017176567,1662.6678815506887,1579.7917459248106,1496.9156102989323,1414.039474673054,1331.1633390471757,1248.2872034212974,1165.411067795419,1082.5349321695412,999.6587965436629,916.7826609177846,833.9065252919063,751.030389666028,668.1542540401497,585.2781184142714,502.40198278839307,419.52584716251476,336.6497115366369,1926-05-10,10,0.102,2819.480198197347,5,1926,-82.87613562587825,3403.066729694132,1925
1926-05-11,2648.7956411846485,2564.743619089789,2480.6915969949296,2396.6395749000703,2312.5875528052106,2228.535530710351,2144.4835086154917,2060.4314865206325,1976.379464425773,1892.3274423309135,1808.275420236054,1724.2233981411948,1640.1713760463354,1556.119353951476,1472.0673318566164,1388.015309761757,1303.9632876668975,1219.9112655720382,1135.8592434771786,1051.8072213823193,967.7551992874601,883.7031771926004,799.6511550977411,715.5991330028814,631.5471109080222,547.495088813163,463.44306671830327,379.39104462344403,295.33902252858434,211.2870004337251,1926-05-11,11,0.109,2720.624810808559,5,1926,-84.05202209485942,3321.211817943524,1925
1926-05-12,2576.195685582764,2494.4728865372012,2412.7500874916386,2331.0272884460755,2249.304489400513,2167.5816903549503,2085.858891309387,2004.1360922638246,1922.413293218262,1840.6904941726993,1758.9676951271365,1677.2448960815736,1595.522097036011,1513.7992979904484,1432.0764989448855,1350.3536998993227,1268.63090085376,1186.9081018081974,1105.1853027626348,1023.4625037170717,941.7397046715091,860.0169056259465,778.2941065803834,696.5713075348208,614.8485084892582,533.1257094436955,451.4029103981329,369.68011135256984,287.9573123070072,206.2345132614446,1926-05-12,12,0.113,2666.653230564991,5,1926,-81.72279904556274,3229.978077947266,1925
1926-05-13,2496.5446141653997,2414.030473867556,2331.5163335697125,2249.0021932718687,2166.488052974025,2083.9739126761815,2001.4597723783377,1918.945632080494,1836.4314917826505,1753.9173514848069,1671.4032111869633,1588.8890708891195,1506.3749305912759,1423.8607902934323,1341.3466499955885,1258.8325096977449,1176.3183693999013,1093.8042291020574,1011.2900888042141,928.7759485063702,846.2618082085264,763.747667910683,681.2335276128392,598.7193873149959,516.205247017152,433.6911067193082,351.17696642146484,268.662826123621,186.14868582577765,103.63454552793382,1926-05-13,13,0.119,2593.978691122928,5,1926,-82.51414029784365,3156.657736548149,1925
1926-05-14,2448.0840732484667,2373.1946462760634,2298.30521930366,2223.415792331257,2148.5263653588536,2073.6369383864503,1998.7475114140473,1923.858084441644,1848.9686574692407,1774.0792304968375,1699.1898035244342,1624.3003765520311,1549.4109495796279,1474.5215226072246,1399.6320956348213,1324.742668662418,1249.8532416900148,1174.9638147176117,1100.0743877452085,1025.1849607728052,950.2955338004022,875.4061068279989,800.5166798555956,725.6272528831923,650.7378259107891,575.8483989383858,500.9589719659825,426.06954499357926,351.180118021176,276.2906910487727,1926-05-14,14,0.124,2541.262451783753,5,1926,-74.88942697240323,3047.1994890276924,1925
1926-05-15,2411.5605098609485,2343.8975255706378,2276.234541280327,2208.5715569900167,2140.9085726997055,2073.245588409395,2005.5826041190844,1937.9196198287736,1870.256635538463,1802.5936512481521,1734.9306669578414,1667.2676826675308,1599.60469837722,1531.9417140869093,1464.2787297965988,1396.615745506288,1328.9527612159773,1261.2897769256665,1193.6267926353557,1125.9638083450452,1058.3008240547344,990.6378397644237,922.9748554741132,855.3118711838024,787.6488868934916,719.9859026031809,652.3229183128701,584.6599340225594,516.9969497322486,449.3339654419383,1926-05-15,15,0.125,2514.8302154029,5,1926,-67.6629842903107,2952.864384183434,1925
1926-05-16,2384.853924897002,2326.9612736917434,2269.068622486485,2211.175971281226,2153.283320075967,2095.3906688707084,2037.4980176654494,1979.6053664601907,1921.712715254932,1863.8200640496732,1805.9274128444144,1748.0347616391557,1690.142110433897,1632.249459228638,1574.3568080233792,1516.4641568181205,1458.5715056128618,1400.678854407603,1342.7862032023443,1284.8935519970855,1227.0009007918266,1169.1082495865678,1111.215598381309,1053.3229471760503,995.4302959707916,937.5376447655328,879.6449935602741,821.7523423550153,763.8596911497566,705.9670399444976,1926-05-16,16,0.13,2458.1421101457818,5,1926,-57.89265120525877,2847.9951345390723,1925
1926-05-17,2331.095570950184,2275.8142076598538,2220.5328443695234,2165.251481079193,2109.970117788863,2054.6887544985325,1999.4073912082022,1944.126027917872,1888.8446646275418,1833.5633013372114,1778.2819380468814,1723.000574756551,1667.7192114662207,1612.4378481758904,1557.15648488556,1501.8751215952298,1446.5937583048994,1391.3123950145693,1336.031031724239,1280.7496684339087,1225.4683051435784,1170.186941853248,1114.905578562918,1059.6242152725877,1004.3428519822573,949.061488691927,893.7801254015967,838.4987621112666,783.2173988209363,727.936035530606,1926-05-17,17,0.138,2370.0556589516227,5,1926,-55.281363290330276,2773.346477272826,1925
1926-05-18,2251.2148648407097,2191.481105823418,2131.747346806127,2072.013587788836,2012.2798287715452,1952.5460697542542,1892.812310736963,1833.0785517196719,1773.3447927023808,1713.6110336850898,1653.8772746677987,1594.1435156505077,1534.4097566332166,1474.6759976159256,1414.9422385986345,1355.2084795813435,1295.4747205640524,1235.7409615467614,1176.0072025294703,1116.273443512179,1056.539684494888,996.8059254775969,937.0721664603059,877.3384074430148,817.6046484257238,757.8708894084327,698.1371303911417,638.4033713738504,578.6696123565594,518.9358533392683,1926-05-18,18,0.146,2286.1269483971328,5,1926,-59.73375901729107,2729.084936979038,1925
1926-05-19,2188.4626026583305,2127.9942525852885,2067.5259025122464,2007.057552439204,1946.589202366162,1886.12085229312,1825.6525022200776,1765.1841521470355,1704.7158020739935,1644.2474520009514,1583.7791019279093,1523.310751854867,1462.842401781825,1402.3740517087829,1341.9057016357406,1281.4373515626985,1220.9690014896564,1160.5006514166143,1100.0323013435723,1039.56395127053,979.0956011974879,918.6272511244458,858.1589010514035,797.6905509783614,737.2222009053194,676.7538508322773,616.2855007592352,555.8171506861931,495.34880061315107,434.88045054010854,1926-05-19,19,0.15,2247.955944849372,5,1926,-60.46835007304213,2672.2094032426676,1925
1926-05-20,2144.545227789502,2086.0700379393315,2027.5948480891607,1969.1196582389898,1910.6444683888192,1852.1692785386485,1793.6940886884777,1735.218898838307,1676.7437089881364,1618.2685191379655,1559.793329287795,1501.318139437624,1442.8429495874534,1384.3677597372825,1325.892569887112,1267.4173800369413,1208.9421901867704,1150.4670003365998,1091.991810486429,1033.5166206362583,975.0414307860876,916.5662409359168,858.0910510857461,799.6158612355753,741.1406713854046,682.665481535234,624.1902916850631,565.7151018348925,507.23991198472186,448.764722134551,1926-05-20,20,0.153,2230.748580800726,5,1926,-58.47518985017073,2612.346746590868,1925
1926-05-21,2095.522251178495,2038.0312822508586,1980.540313323222,1923.0493443955859,1865.5583754679496,1808.0674065403132,1750.576437612677,1693.0854686850407,1635.5944997574043,1578.1035308297678,1520.6125619021316,1463.1215929744953,1405.6306240468589,1348.1396551192227,1290.6486861915864,1233.15771726395,1175.6667483363137,1118.1757794086775,1060.684810481041,1003.1938415534048,945.7028726257686,888.2119036981321,830.7209347704959,773.2299658428594,715.7389969152232,658.248027987587,600.7570590599505,543.2660901323143,485.7751212046778,428.2841522770418,1926-05-21,21,0.159,2170.543429675747,5,1926,-57.49096892763632,2555.4500025995853,1925
1926-05-22,2071.499002340396,2021.3376797877327,1971.1763572350692,1921.0150346824055,1870.8537121297418,1820.6923895770783,1770.5310670244146,1720.369744471751,1670.2084219190874,1620.047099366424,1569.8857768137602,1519.7244542610965,1469.563131708433,1419.4018091557693,1369.2404866031056,1319.0791640504422,1268.9178414977785,1218.7565189451147,1168.5951963924513,1118.4338738397876,1068.2725512871239,1018.1112287344604,967.9499061817967,917.7885836291332,867.6272610764695,817.4659385238058,767.3046159711423,717.1432934184786,666.9819708658151,616.8206483131514,1926-05-22,22,0.162,2141.4373750369728,5,1926,-50.16132255266362,2472.7895827617053,1925
1926-05-23,2047.5183783591046,2004.4855524096197,1961.4527264601347,1918.4199005106495,1875.3870745611646,1832.3542486116794,1789.3214226621944,1746.2885967127095,1703.2557707632243,1660.222944813739,1617.1901188642541,1574.1572929147692,1531.124466965284,1488.091641015799,1445.0588150663139,1402.025989116829,1358.993163167344,1315.9603372178588,1272.9275112683738,1229.8946853188886,1186.8618593694036,1143.8290334199185,1100.7962074704335,1057.7633815209483,1014.7305555714634,971.6977296219784,928.6649036724932,885.6320777230083,842.5992517735231,799.5664258240381,1926-05-23,23,0.168,2090.679837387742,5,1926,-43.03282594948506,2391.780985954985,1925
1926-05-24,2012.2154567134114,1971.9637065050197,1931.7119562966282,1891.4602060882366,1851.2084558798451,1810.9567056714536,1770.704955463062,1730.4532052546706,1690.201455046279,1649.9497048378876,1609.6979546294958,1569.4462044211043,1529.1944542127128,1488.942704004321,1448.6909537959295,1408.439203587538,1368.1874533791465,1327.935703170755,1287.6839529623635,1247.432202753972,1207.1804525455805,1166.9287023371887,1126.6769521287972,1086.4252019204057,1046.1734517120142,1005.9217015036227,965.6699512952312,925.4182010868396,885.1664508784479,844.9147006700564,1926-05-24,24,0.173,2045.0650866811482,5,1926,-40.25175020839155,2334.2294583805437,1925
1926-05-25,1955.7199573335326,1911.9318316695485,1868.1437060055646,1824.3555803415804,1780.5674546775963,1736.7793290136124,1692.9912033496282,1649.203077685644,1605.4149520216602,1561.626826357676,1517.8387006936919,1474.050575029708,1430.2624493657238,1386.4743237017396,1342.6861980377557,1298.8980723737716,1255.1099467097874,1211.3218210458035,1167.5336953818194,1123.7455697178352,1079.9574440538513,1036.1693183898672,992.381192725883,948.5930670618991,904.804941397915,861.0168157339308,817.2286900699469,773.4405644059627,729.6524387419786,685.8643130779947,1926-05-25,25,0.179,1989.676965494573,5,1926,-43.78812566398407,2306.024962645405,1925
1926-05-26,1898.999550757797,1851.8940666646063,1804.7885825714159,1757.6830984782255,1710.5776143850348,1663.4721302918447,1616.366646198654,1569.2611621054637,1522.1556780122733,1475.0501939190826,1427.9447098258922,1380.8392257327018,1333.7337416395112,1286.6282575463208,1239.5227734531304,1192.41728935994,1145.3118052667494,1098.206321173559,1051.1008370803686,1003.995352987178,956.8898688939876,909.7843848007972,862.6789007076068,815.5734166144161,768.4679325212257,721.3624484280353,674.2569643348447,627.1514802416543,580.0459961484639,532.9405120552735,1926-05-26,26,0.183,1943.799134837004,5,1926,-47.10548409319046,2275.8434235033205,1925
1926-05-27,1839.6267360098436,1790.3467925057973,1741.0668490017508,1691.7869054977045,1642.506961993658,1593.2270184896117,1543.9470749855655,1494.667131481519,1445.3871879774724,1396.1072444734261,1346.8273009693798,1297.5473574653333,1248.2674139612868,1198.9874704572405,1149.7075269531942,1100.4275834491477,1051.1476399451014,1001.8676964410549,952.5877529370086,903.3078094329621,854.0278659289158,804.7479224248693,755.467978920823,706.1880354167765,656.9080919127302,607.628148408684,558.3482049046374,509.06826140059115,459.78831789654464,410.50837439249835,1926-05-27,27,0.18899999999999997,1876.023741069016,5,1926,-49.27994350404639,2233.866284042215,1925
1926-05-28,1787.4475253811777,1736.746287362364,1686.04504934355,1635.3438113247362,1584.6425733059223,1533.9413352871084,1483.2400972682944,1432.5388592494805,1381.8376212306666,1331.1363832118527,1280.435145193039,1229.7339071742251,1179.0326691554112,1128.3314311365973,1077.6301931177834,1026.9289550989697,976.2277170801558,925.5264790613419,874.825241042528,824.1240030237141,773.4227650049002,722.7215269860865,672.0202889672726,621.3190509484587,570.6178129296447,519.9165749108308,469.2153368920169,418.514098873203,367.8128608543893,317.1116228355754,1926-05-28,28,0.192,1845.0852016885733,5,1926,-50.701238018813875,2193.0574295316887,1925
1926-05-29,1739.6083345994039,1689.3863044077912,1639.1642742161787,1588.9422440245662,1538.7202138329535,1488.498183641341,1438.2761534497286,1388.0541232581159,1337.8320930665034,1287.610062874891,1237.3880326832782,1187.1660024916657,1136.9439723000532,1086.7219421084405,1036.499911916828,986.2778817252156,936.0558515336029,885.8338213419904,835.6117911503779,785.3897609587655,735.1677307671528,684.9457005755403,634.7236703839278,584.5016401923151,534.2796100007026,484.05757980909016,433.83554961747745,383.613519425865,333.3914892342525,283.1694590426398,1926-05-29,29,0.19699999999999998,1793.1452204029245,5,1926,-50.222030191612546,2141.384576132304,1925
1926-05-30,1680.7746148437245,1628.90772357429,1577.0408323048555,1525.1739410354207,1473.307049765986,1421.4401584965515,1369.573267227117,1317.7063759576822,1265.8394846882475,1213.972593418813,1162.1057021493784,1110.2388108799437,1058.3719196105092,1006.5050283410744,954.6381370716399,902.7712458022052,850.9043545327706,799.0374632633359,747.1705719939014,695.3036807244666,643.4367894550321,591.5698981855974,539.7030069161628,487.8361156467281,435.9692243772936,384.10233310785907,332.2354418384243,280.3685505689898,228.50165929955506,176.63476803012054,1926-05-30,30,0.204,1724.8999092769989,5,1926,-51.866891269434625,2095.7097449992016,1925
1926-05-31,1626.2741504615294,1573.9898537929134,1521.7055571242977,1469.4212604556817,1417.1369637870657,1364.85266711845,1312.568370449834,1260.284073781218,1207.9997771126023,1155.7154804439863,1103.4311837753703,1051.1468871067545,998.8625904381386,946.5782937695226,894.2939971009066,842.0097004322906,789.7254037636749,737.4411070950589,685.1568104264429,632.8725137578272,580.5882170892112,528.3039204205952,476.0196237519792,423.7353270833635,371.4510304147475,319.1667337461315,266.88243707751576,214.59814040889978,162.3138437402838,110.02954707166782,1926-05-31,31,0.209,1675.2491871828574,5,1926,-52.284296668615916,2044.5485238104568,1925
1926-06-01,1582.4883609454973,1531.635830515037,1480.7833000845765,1429.930769654116,1379.0782392236556,1328.225708793195,1277.3731783627345,1226.5206479322742,1175.6681175018136,1124.815587071353,1073.9630566408928,1023.1105262104322,972.2579957799717,921.4054653495114,870.5529349190508,819.7004044885903,768.84787405813,717.9953436276694,667.1428131972089,616.2902827667483,565.437752336288,514.5852219058274,463.7326914753669,412.8801610449066,362.027630614446,311.1751001839855,260.32256975352516,209.4700393230646,158.61750889260406,107.76497846214374,1926-06-01,1,0.213,1643.086984214002,6,1926,-50.852530430460476,1989.3086043891813,1925
1926-06-02,1547.056920211023,1499.4297854034526,1451.8026505958821,1404.1755157883117,1356.5483809807415,1308.9212461731709,1261.2941113656007,1213.66697655803,1166.0398417504598,1118.4127069428891,1070.785572135319,1023.1584373277484,975.531302520178,927.9041677126075,880.2770329050372,832.6498980974668,785.0227632898964,737.395628482326,689.7684936747555,642.1413588671851,594.5142240596147,546.8870892520442,499.2599544444738,451.6328196369034,404.00568482933295,356.3785500217625,308.7514152141921,261.12428040662166,213.49714559905124,165.8700107914808,1926-06-02,2,0.217,1605.4679722547605,6,1926,-47.62713480757042,1928.0739986715864,1925
1926-06-03,1517.1003276163385,1472.5099742989967,1427.9196209816548,1383.3292676643132,1338.7389143469713,1294.1485610296295,1249.5582077122876,1204.9678543949458,1160.377501077604,1115.787147760262,1071.1967944429202,1026.6064411255784,982.0160878082366,937.4257344908948,892.8353811735531,848.2450278562112,803.6546745388694,759.0643212215275,714.4739679041857,669.8836145868438,625.2932612695022,580.7029079521603,536.1125546348185,491.52220131747663,446.9318480001348,402.3414946827929,357.7511413654511,313.1607880481092,268.5704347307674,223.98008141342575,1926-06-03,3,0.22,1581.2977111798239,6,1926,-44.59035331734182,1873.823154155073,1925
1926-06-04,1501.6196078857865,1463.4780859191455,1425.3365639525045,1387.1950419858636,1349.0535200192226,1310.9119980525813,1272.7704760859403,1234.6289541192991,1196.4874321526581,1158.3459101860171,1120.2043882193761,1082.0628662527351,1043.9213442860942,1005.779822319453,967.6383003528119,929.496778386171,891.35525641953,853.2137344528888,815.0722124862478,776.9306905196067,738.7891685529657,700.6476465863248,662.5061246196835,624.3646026530425,586.2230806864015,548.0815587197606,509.94003675311956,471.79851478647834,433.65699281983734,395.51547085319635,1926-06-04,4,0.223,1556.1528857550898,6,1926,-38.141521966641044,1806.751783618915,1925
1926-06-05,1478.255686926501,1444.4184000706548,1410.5811132148085,1376.7438263589622,1342.906539503116,1309.0692526472696,1275.2319657914234,1241.3946789355768,1207.5573920797306,1173.7201052238843,1139.882818368038,1106.0455315121917,1072.2082446563454,1038.3709578004991,1004.5336709446528,970.6963840888066,936.8590972329603,903.0218103771139,869.1845235212676,835.3472366654213,801.509949809575,767.6726629537287,733.8353760978823,699.998089242036,666.1608023861897,632.3235155303435,598.4862286744972,564.6489418186509,530.8116549628046,496.9743681069583,1926-06-05,5,0.22899999999999998,1509.079190585671,6,1926,-33.83728685584631,1748.9539817732716,1925
1926-06-06,1447.9432656547021,1415.378341993338,1382.813418331974,1350.24849467061,1317.6835710092457,1285.1186473478815,1252.5537236865175,1219.9888000251535,1187.4238763637893,1154.858952702425,1122.294029041061,1089.729105379697,1057.1641817183329,1024.5992580569687,992.0343343956047,959.4694107342406,926.9044870728765,894.3395634115124,861.7746397501483,829.2097160887841,796.64479242742,764.0798687660559,731.5149451046918,698.9500214433277,666.3850977819636,633.8201741205996,601.2552504592354,568.6903267978712,536.1254031365072,503.5604794751432,1926-06-06,6,0.23399999999999999,1477.0867909289032,6,1926,-32.564923661364105,1708.462654945615,1925
1926-06-07,1397.6159525151581,1361.6800468202982,1325.7441411254383,1289.8082354305784,1253.8723297357185,1217.9364240408586,1182.0005183459987,1146.0646126511388,1110.1287069562786,1074.192801261419,1038.2568955665588,1002.3209898716989,966.385084176839,930.4491784819791,894.5132727871191,858.5773670922592,822.6414613973993,786.7055557025393,750.7696500076794,714.8337443128195,678.8978386179596,642.9619329230995,607.0260272282396,571.0901215333797,535.1542158385198,499.2183101436599,463.2824044488,427.34649875394007,391.41059305908016,355.47468736422024,1926-06-07,7,0.242,1417.3454921439304,6,1926,-35.93590569485993,1685.1031980740377,1925
1926-06-08,1341.1824450317397,1301.0232197412017,1260.8639944506638,1220.7047691601256,1180.5455438695876,1140.3863185790497,1100.2270932885117,1060.0678679979737,1019.9086427074357,979.7494174168977,939.5901921263596,899.4309668358217,859.2717415452836,819.1125162547456,778.9532909642076,738.7940656736696,698.6348403831316,658.4756150925936,618.3163898020555,578.1571645115175,537.9979392209796,497.8387139304416,457.6794886399034,417.52026334936545,377.3610380588275,337.2018127682895,297.04258747775157,256.8833621872134,216.72413689667542,176.56491160613746,1926-06-08,8,0.25,1366.3053805090624,6,1926,-40.15922529053801,1662.4562473560438,1925
1926-06-09,1292.774932601366,1250.017337858937,1207.2597431165082,1164.5021483740793,1121.7445536316504,1078.9869588892216,1036.2293641467927,993.4717694043638,950.714174661935,907.9565799195061,865.1989851770772,822.4413904346484,779.6837956922195,736.9262009497908,694.1686062073619,651.411011464933,608.6534167225043,565.8958219800754,523.1382272376466,480.3806324952177,437.62303775278883,394.86544301035997,352.1078482679311,309.35025352550224,266.5926587830734,223.8350640406445,181.07746929821565,138.31987455578678,95.56227981335792,52.804685070929054,1926-06-09,9,0.253,1339.3697298950844,6,1926,-42.75759474242885,1634.8356905407966,1925
1926-06-10,1261.5088740071826,1220.232168253891,1178.9554625005994,1137.6787567473077,1096.402050994016,1055.1253452407243,1013.8486394874326,972.571933734141,931.2952279808493,890.0185222275576,848.741816474266,807.4651107209743,766.1884049676826,724.911699214391,683.6349934610993,642.3582877078076,601.081581954516,559.8048762012243,518.5281704479326,477.25146469464084,435.97475894134914,394.69805318805766,353.42134743476595,312.14464168147424,270.86793592818253,229.59123017489082,188.31452442159912,147.0378186683074,105.76111291501593,64.48440716172422,1926-06-10,10,0.255,1320.9704093247044,6,1926,-41.27670575329167,1591.722520033516,1925
1926-06-11,1232.9127420735806,1194.3703358786597,1155.827929683739,1117.2855234888182,1078.7431172938973,1040.2007110989764,1001.6583049040555,963.1158987091347,924.5734925142139,886.031086319293,847.4886801243722,808.9462739294513,770.4038677345304,731.8614615396096,693.3190553446888,654.7766491497679,616.2342429548471,577.6918367599262,539.1494305650053,500.60702437008445,462.06461817516356,423.5222119802429,384.979805785322,346.4373995904011,307.89499339548024,269.35258720055936,230.81018100563847,192.26777481071758,153.72536861579692,115.18296242087604,1926-06-11,11,0.261,1279.419574585491,6,1926,-38.54240619492085,1541.2519916329475,1925
1926-06-12,1201.5084691964125,1164.702563320298,1127.8966574441838,1091.0907515680694,1054.284845691955,1017.4789398158407,980.6730339397263,943.867128063612,907.0612221874976,870.2553163113832,833.4494104352689,796.6435045591545,759.8375986830401,723.0316928069259,686.2257869308115,649.4198810546972,612.6139751785828,575.8080693024684,539.0021634263541,502.1962575502397,465.39035167412544,428.5844457980111,391.7785399218967,354.97263404578234,318.166728169668,281.3608222935536,244.55491641743924,207.74901054132488,170.9431046652105,134.13719878909615,1926-06-12,12,0.26899999999999996,1240.627271518914,6,1926,-36.80590587611435,1495.9557162053272,1925
1926-06-13,1185.8349194367725,1154.1123916199776,1122.389863803183,1090.6673359863883,1058.9448081695937,1027.2222803527989,995.4997525360043,963.7772247192095,932.0546969024149,900.3321690856201,868.6096412688254,836.8871134520307,805.164585635236,773.4420578184413,741.7195300016466,709.9970021848519,678.2744743680572,646.5519465512625,614.8294187344678,583.1068909176731,551.3843631008784,519.6618352840837,487.93930746728904,456.21677965049435,424.49425183369965,392.77172401690495,361.04919620011015,329.32666838331556,297.60414056652075,265.8816127497262,1926-06-13,13,0.272,1225.0373569504754,6,1926,-31.7225278167947,1439.61514197113,1925
1926-06-14,1169.3270345689145,1141.048057179395,1112.7690797898756,1084.4901024003561,1056.211125010837,1027.9321476213172,999.6531702317978,971.3741928422784,943.0952154527589,914.8162380632394,886.53726067372,858.2582832842005,829.979305894681,801.7003285051616,773.4213511156421,745.1423737261226,716.8633963366033,688.5844189470838,660.3054415575643,632.0264641680449,603.7474867785254,575.4685093890059,547.1895319994865,518.910554609967,490.6315772204475,462.35259983092806,434.0736224414086,405.7946450518891,377.51566766236965,349.2366902728502,1926-06-14,14,0.276,1205.370886105216,6,1926,-28.27897738951946,1395.5588536850703,1925
1926-06-15,1153.6244261885804,1127.6426120016276,1101.6607978146749,1075.6789836277221,1049.6971694407694,1023.7153552538166,997.7335410668638,971.7517268799111,945.7699126929583,919.7880985060056,893.8062843190528,867.8244701321,841.8426559451473,815.8608417581945,789.8790275712417,763.897213384289,737.9153991973362,711.9335850103835,685.9517708234307,659.969956636478,633.9881424495252,608.0063282625724,582.0245140756197,556.0426998886669,530.0608857017141,504.0790715147614,478.0972573278086,452.11544314085586,426.1336289539031,400.15181476695034,1926-06-15,15,0.28200000000000003,1192.0665521748551,6,1926,-25.98181418695276,1361.4789396842025,1925
1926-06-16,1130.9188585858724,1105.7933784083302,1080.667898230788,1055.542418053246,1030.4169378757038,1005.2914576981616,980.1659775206194,955.0404973430774,929.9150171655352,904.7895369879931,879.664056810451,854.5385766329089,829.4130964553667,804.2876162778246,779.1621361002824,754.0366559227402,728.9111757451981,703.785695567656,678.6602153901139,653.5347352125717,628.4092550350296,603.2837748574874,578.1582946799454,553.0328145024032,527.907334324861,502.7818541473189,477.6563739697767,452.5308937922347,427.4054136146925,402.27993343715036,1926-06-16,16,0.289,1156.453404412633,6,1926,-25.125480177542137,1331.9227000062094,1925
1926-06-17,1118.205033475763,1096.2925629668669,1074.3800924579705,1052.467621949074,1030.5551514401777,1008.6426809312816,986.7302104223852,964.8177399134889,942.9052694045927,920.9927988956963,899.0803283867999,877.1678578779038,855.2553873690074,833.342916860111,811.4304463512148,789.5179758423185,767.6055053334221,745.6930348245259,723.7805643156295,701.8680938067332,679.955623297837,658.0431527889406,636.1306822800443,614.2182117711479,592.3057412622517,570.3932707533554,548.480800244459,526.5683297355628,504.6558592266664,482.74338871777013,1926-06-17,17,0.295,1142.0093628318518,6,1926,-21.91247050889631,1293.5047975469336,1925
1926-06-18,1109.8901758914176,1091.0164607775905,1072.1427456637634,1053.2690305499364,1034.3953154361093,1015.5216003222822,996.6478852084551,977.7741700946282,958.9004549808011,940.026739866974,921.1530247531471,902.27930963932,883.4055945254929,864.5318794116658,845.6581642978388,826.7844491840117,807.9107340701846,789.0370189563575,770.1633038425306,751.2895887287035,732.4158736148764,713.5421585010494,694.6684433872224,675.7947282733953,656.9210131595682,638.0472980457412,619.1735829319141,600.2998678180871,581.4261527042601,562.552437590433,1926-06-18,18,0.297,1136.1304204331375,6,1926,-18.873715113827053,1260.879896802034,1925
1926-06-19,1099.5853008096556,1082.23206131626,1064.878821822864,1047.5255823294683,1030.1723428360724,1012.8191033426767,995.465863849281,978.1126243558853,960.7593848624895,943.4061453690937,926.0529058756979,908.6996663823022,891.3464268889064,873.9931873955106,856.639947902115,839.2867084087192,821.9334689153234,804.5802294219276,787.2269899285318,769.8737504351361,752.5205109417403,735.1672714483445,717.8140319549489,700.4607924615531,683.1075529681573,665.7543134747615,648.4010739813657,631.04783448797,613.6945949945742,596.3413555011784,1926-06-19,19,0.299,1125.9198285745003,6,1926,-17.353239493395762,1238.4112167568217,1925
1926-06-20,1073.086018379038,1054.2666070653538,1035.4471957516694,1016.627784437985,997.8083731243007,978.9889618106165,960.1695504969321,941.3501391832478,922.5307278695634,903.7113165558792,884.8919052421948,866.0724939285105,847.2530826148261,828.4336713011419,809.6142599874574,790.7948486737732,771.9754373600889,753.1560260464046,734.3366147327202,715.5172034190359,696.6977921053516,677.8783807916673,659.0589694779829,640.2395581642986,621.4201468506143,602.60073553693,583.7813242232456,564.9619129095613,546.142501595877,527.3230902821927,1926-06-20,20,0.311,1080.59519090423,6,1926,-18.819411313684324,1223.6413088885126,1925
1926-06-21,1041.9241185744893,1020.8248024519171,999.7254863293451,978.6261702067729,957.5268540842009,936.4275379616288,915.3282218390567,894.2289057164846,873.1295895939126,852.0302734713405,830.9309573487684,809.8316412261963,788.7323251036242,767.6330089810522,746.53369285848,725.434376735908,704.3350606133358,683.2357444907638,662.1364283681917,641.0371122456196,619.9377961230475,598.8384800004754,577.7391638779034,556.6398477553313,535.5405316327592,514.4412155101871,493.34189938761506,472.242583265043,451.1432671424709,430.0439510198988,1926-06-21,21,0.315,1051.074922122234,6,1926,-21.099316122572084,1210.718647555066,1925
1926-06-22,1014.737382016598,992.6496258588012,970.5618697010043,948.4741135432075,926.3863573854107,904.298601227614,882.2108450698171,860.1230889120203,838.0353327542234,815.9475765964266,793.8598204386299,771.7720642808331,749.6843081230362,727.5965519652394,705.5087958074425,683.4210396496458,661.333283491849,639.2455273340521,617.1577711762553,595.0700150184585,572.9822588606617,550.8945027028649,528.8067465450681,506.7189903872712,484.63123422947444,462.54347807167767,440.4557219138808,418.367965756084,396.28020959828723,374.19245344049034,1926-06-22,22,0.319,1029.435717255909,6,1926,-22.087756157796814,1191.4394312789725,1925
1926-06-23,989.4633335940612,965.9720057173416,942.4806778406221,918.9893499639024,895.498022087183,872.0066942104634,848.5153663337438,825.0240384570243,801.5327105803046,778.0413827035852,754.5500548268656,731.058726950146,707.5673990734265,684.0760711967068,660.5847433199873,637.0934154432678,613.6020875665482,590.1107596898287,566.619431813109,543.1281039363895,519.63677605967,496.1454481829504,472.65412030623077,449.1627924295112,425.6714645527917,402.18013667607215,378.6888087993526,355.19748092263296,331.7061530459134,308.2148251691939,1926-06-23,23,0.322,1018.8350735847098,6,1926,-23.491327876719563,1177.3939566078177,1925
1926-06-24,963.9505734185157,939.3368978670634,914.7232223156112,890.109546764159,865.4958712127068,840.8821956612545,816.2685201098022,791.6548445583501,767.0411690068979,742.4274934554456,717.8138179039934,693.2001423525412,668.586466801089,643.9727912496368,619.3591156981845,594.7454401467323,570.1317645952801,545.5180890438279,520.9044134923756,496.29073794092346,471.6770623894712,447.063386838019,422.44971128656675,397.8360357351146,373.2223601836623,348.60868463221004,323.9950090807579,299.3813335293056,274.76765797785345,250.15398242640117,1926-06-24,24,0.332,994.8457764955499,6,1926,-24.61367555145222,1160.8599778301334,1925
1926-06-25,934.494671296005,908.9658356471328,883.4369999982607,857.9081643493886,832.3793287005165,806.8504930516442,781.3216574027722,755.7928217539,730.2639861050278,704.7351504561557,679.2063148072834,653.6774791584114,628.1486435095392,602.619807860667,577.0909722117949,551.5621365629228,526.0333009140506,500.5044652651784,474.97562961630626,449.44679396743413,423.917958318562,398.38912266968987,372.8602870208176,347.3314513719455,321.80261572307336,296.2737800742012,270.7449444253291,245.21610877645685,219.68727312758472,194.15843747871259,1926-06-25,25,0.34400000000000003,955.5635883033212,6,1926,-25.528835648872153,1138.7253564869823,1925
1926-06-26,922.896660787871,900.7750615864118,878.6534623849525,856.5318631834932,834.4102639820339,812.2886647805747,790.1670655791154,768.0454663776561,745.9238671761968,723.8022679747376,701.6806687732783,679.559069571819,657.4374703703597,635.3158711689005,613.1942719674412,591.0726727659819,568.9510735645227,546.8294743630635,524.7078751616042,502.5862759601449,480.46467675868564,458.34307755722637,436.2214783557671,414.0998791543078,391.97827995284854,369.85668075138926,347.73508154993,325.6134823484707,303.49188314701144,281.37028394555216,1926-06-26,26,0.34700000000000003,949.3311344900044,6,1926,-22.121599201459272,1099.8694543995452,1925
1926-06-27,897.9776613553456,875.5095080921955,853.0413548290452,830.573201565895,808.1050483027448,785.6368950395945,763.1687417764442,740.700588513294,718.2324352501438,695.7642819869936,673.2961287238434,650.8279754606931,628.3598221975428,605.8916689343926,583.4235156712424,560.9553624080921,538.487209144942,516.0190558817917,493.55090261864143,471.08274935549116,448.614596092341,426.14644282919073,403.67828956604046,381.2101363028903,358.74198303974003,336.27382977658976,313.8056765134396,291.33752325028934,268.86936998713907,246.4012167239889,1926-06-27,27,0.358,915.8657086038968,6,1926,-22.468153263150235,1077.7228874605476,1925
1926-06-28,874.3740695789417,851.4317833398586,828.4894971007757,805.5472108616926,782.6049246226096,759.6626383835267,736.7203521444436,713.7780659053606,690.8357796662776,667.8934934271947,644.9512071881117,622.0089209490286,599.0666347099457,576.1243484708626,553.1820622317796,530.2397759926967,507.2974897536136,484.35520351453056,461.4129172754476,438.4706310363646,415.52834479728153,392.5860585581986,369.64377231911556,346.7014860800326,323.7591998409496,300.81691360186653,277.8746273627836,254.93234112370055,231.99005488461762,209.04776864553457,1926-06-28,28,0.369,899.1255030135243,6,1926,-22.942286239083003,1057.9123594916057,1925
1926-06-29,847.6156530514185,823.6119451334646,799.6082372155107,775.6045292975568,751.6008213796028,727.5971134616491,703.5934055436951,679.5896976257412,655.5859897077873,631.5822817898335,607.5785738718796,583.5748659539256,559.5711580359718,535.5674501180179,511.563742200064,487.5600342821101,463.55632636415623,439.55261844620236,415.5489105282485,391.5452026102946,367.5414946923406,343.53778677438675,319.53407885643287,295.530370938479,271.5266630205251,247.52295510257125,223.51924718461737,199.5155392666635,175.51183134870962,151.50812343075563,1926-06-29,29,0.376,871.8466085716315,6,1926,-24.00370791795389,1039.6453163950496,1925
1926-06-30,821.47620844571,797.2716414680278,773.0670744903458,748.8625075126638,724.6579405349817,700.4533735572995,676.2488065796176,652.0442396019355,627.8396726242534,603.6351056465713,579.4305386688893,555.2259716912072,531.0214047135252,506.8168377358431,482.612270758161,458.407703780479,434.20313680279685,409.9985698251148,385.7940028474327,361.5894358697507,337.38486889206865,313.1803019143865,288.9757349367045,264.77116795902236,240.56660098134034,216.36203400365832,192.1574670259762,167.95290004829417,143.74833307061203,119.54376609293001,1926-06-30,30,0.38799999999999996,841.4830150171365,6,1926,-24.204566977682067,1015.1127442671665,1925
1926-07-01,788.2668524714,762.6199875072293,736.9731225430587,711.3262575788881,685.6793926147175,660.0325276505469,634.3856626863763,608.7387977222057,583.0919327580351,557.4450677938645,531.7982028296939,506.1513378655233,480.50447290135264,454.85760793718214,429.2107429730115,403.5638780088409,377.9170130446703,352.27014808049967,326.62328311632905,300.97641815215843,275.3295531879879,249.6826882238173,224.0358232596467,198.38895829547607,172.74209333130545,147.09522836713484,121.44836340296422,95.8014984387936,70.15463347462298,44.50776851045248,1926-07-01,1,0.40399999999999997,802.764628297062,7,1926,-25.646864964170604,993.4417721847648,1925
1926-07-02,753.0090407486468,724.7956658349124,696.5822909211779,668.3689160074435,640.1555410937092,611.9421661799747,583.7287912662404,555.515416352506,527.3020414387715,499.0886665250371,470.8752916113027,442.66191669756836,414.4485417838339,386.23516687009953,358.02179195636506,329.8084170426307,301.59504212889635,273.3816672151619,245.16829230142753,216.95491738769306,188.7415424739587,160.52816756022423,132.31479264648988,104.10141773275541,75.88804281902105,47.6746679052867,19.461292991552227,-8.752081922182128,-36.9654568359166,-65.17883174965107,1926-07-02,2,0.412,780.6211848318349,7,1926,-28.213374913734405,978.716040058522,1925
1926-07-03,727.2488919016071,699.4222762094539,671.5956605173008,643.7690448251476,615.9424291329944,588.1158134408413,560.2891977486881,532.462582056535,504.6359663643818,476.8093506722286,448.98273498007546,421.15611928792225,393.3295035957691,365.50288790361594,337.6762722114628,309.84965651930963,282.0230408271565,254.19642513500332,226.36980944285017,198.5431937506969,170.71657805854375,142.8899623663906,115.06334667423744,87.23673098208428,59.41011528993113,31.583499597777973,3.756883905624818,-24.069731786528337,-51.89634747868149,-79.72296317083476,1926-07-03,3,0.42100000000000004,758.1808343564502,7,1926,-27.826615692153165,949.8618174388324,1925
1926-07-04,703.3626867907454,675.8893047611606,648.4159227315758,620.942540701991,593.4691586724061,565.9957766428213,538.5223946132364,511.0490125836517,483.57563055406683,456.102248524482,428.6288664948972,401.1554844653124,373.68210243572753,346.2087204061427,318.73533837655793,291.2619563469731,263.7885743173882,236.31519228780337,208.84181025821852,181.36842822863377,153.89504619904892,126.42166416946407,98.94828213987932,71.47490011029447,44.001518080709616,16.52813605112476,-10.945245978460093,-38.418628008044834,-65.89201003762969,-93.36539206721454,1926-07-04,4,0.4320000000000001,738.7717302759537,7,1926,-27.473382029584826,923.149743027424,1925
1926-07-05,684.8811225027343,659.3092776756749,633.7374328486155,608.1655880215561,582.5937431944967,557.0218983674373,531.4500535403779,505.8782087133185,480.3063638862591,454.73451905919967,429.16267423214026,403.59082940508085,378.01898457802145,352.44713975096204,326.87529492390263,301.3034500968432,275.7316052697838,250.1597604427244,224.587915615665,199.0160707886056,173.44422596154618,147.87238113448677,122.30053630742736,96.72869148036796,71.15684665330855,45.58500182624914,20.013156999189732,-5.558687827869676,-31.130532654929084,-56.70237748198849,1926-07-05,5,0.441,716.5115113267352,7,1926,-25.571844827059408,889.4558811192096,1925
1926-07-06,671.513251497786,648.72731252984,625.9413735618939,603.1554345939478,580.3694956260018,557.5835566580558,534.7976176901097,512.0116787221637,489.22573975421767,466.43980078627163,443.6538618183256,420.86792285037956,398.0819838824335,375.2960449144875,352.51010594654144,329.72416697859546,306.93822801064937,284.1522890427033,261.3663500747573,238.5804111068113,215.79447213886522,193.00853317091912,170.22259420297314,147.43665523502716,124.65071626708107,101.86477729913497,79.07883833118899,56.29289936324301,33.506960395296915,10.72102142735082,1926-07-06,6,0.445,700.2661474818176,7,1926,-22.785938967946038,853.8007632413543,1925
1926-07-07,657.037820045178,636.4643631578408,615.8909062705036,595.3174493831665,574.7439924958293,554.1705356084922,533.597078721155,513.0236218338177,492.45016494648064,471.8767080591435,451.3032511718063,430.72979428446916,410.156337397132,389.5828805097948,369.00942362245763,348.4359667351205,327.8625098477833,307.28905296044616,286.71559607310894,266.14213918577184,245.56868229843462,224.99522541109752,204.4217685237603,183.8483116364232,163.274854749086,142.70139786174877,122.12794097441167,101.55448408707446,80.98102719973735,60.40757031240014,1926-07-07,7,0.456,678.2054965918313,7,1926,-20.573456887337166,821.6254751438753,1925
1926-07-08,636.0857230669498,615.5483092901034,595.0108955132569,574.4734817364103,553.9360679595638,533.3986541827175,512.861240405871,492.3238266290245,471.78641285217805,451.2489990753316,430.71158529848515,410.17417152163864,389.6367577447922,369.09934396794574,348.56193019109924,328.0245164142528,307.48710263740634,286.94968886055983,266.41227508371344,245.87486130686693,225.33744753002043,204.80003375317403,184.26261997632753,163.72520619948114,143.18779242263463,122.65037864578812,102.11296486894173,81.57555109209522,61.03813731524883,40.500723538402326,1926-07-08,8,0.466,655.0907423557253,7,1926,-20.537413776846464,800.3850332817215,1925
1926-07-09,605.855983107459,583.5496060043017,561.2432289011444,538.9368517979873,516.63047469483,494.32409759167274,472.01772048851547,449.71134338535825,427.404966282201,405.0985891790437,382.7922120758865,360.4858349727292,338.17945786957193,315.8730807664147,293.56670366325744,271.2603265601002,248.95394945694295,226.64757235378568,204.3411952506284,182.03481814747113,159.72844104431385,137.4220639411567,115.11568683799942,92.80930973484215,70.50293263168487,48.1965555285276,25.890178425370323,3.5838013222130485,-18.722575780944112,-41.028952884101386,1926-07-09,9,0.479,618.5439782521025,7,1926,-22.306377103157256,784.3069999327171,1925
1926-07-10,583.1473846421482,560.5268542540178,537.9063238658874,515.2857934777571,492.6652630896267,470.0447327014963,447.4242023133659,424.8036719252355,402.18314153710514,379.5626111489748,356.94208076084436,334.321550372714,311.7010199845836,289.0804895964532,266.45995920832286,243.83942882019244,221.21889843206213,198.5983680439317,175.9778376558013,153.35730726767088,130.73677687954057,108.11624649141015,85.49571610327973,62.87518571514943,40.25465532701901,17.63412493888859,-4.986405449241715,-27.606935837372134,-50.22746622550255,-72.84799661363286,1926-07-10,10,0.48200000000000004,608.0169370785222,7,1926,-22.620530388130383,764.1116277471913,1925
1926-07-11,565.9217206219506,544.1427672351135,522.3638138482763,500.5848604614391,478.805907074602,457.02695368776483,435.24800030092763,413.4690469140905,391.69009352725334,369.9111401404162,348.13218675357905,326.35323336674185,304.5742799799047,282.79532659306756,261.01637320623036,239.2374198193932,217.45846643255607,195.67951304571886,173.90055965888178,152.12160627204457,130.34265288520737,108.56369949837028,86.78474611153308,65.005792724696,43.22683933785879,21.44788595102159,-0.33106743581549836,-22.1100208226527,-43.88897420948979,-65.66792759632699,1926-07-11,11,0.493,594.6279260983613,7,1926,-21.77895338683716,740.1533477166479,1925
1926-07-12,548.3063078424303,527.1915881317728,506.07686842111536,484.9621487104578,463.84742899980034,442.7327092891428,421.6179895784853,400.5032698678278,379.3885501571703,358.2738304465128,337.1591107358553,316.0443910251978,294.92967131454026,273.8149516038828,252.70023189322524,231.58551218256775,210.47079247191027,189.3560727612528,168.2413530505952,147.1266333399377,126.01191362928023,104.89719391862275,83.78247420796515,62.66775449730767,41.55303478665019,20.438315075992705,-0.6764046346647774,-21.791124345322373,-42.905844055979856,-64.02056376663734,1926-07-12,12,0.504,574.6050789370614,7,1926,-21.114719710657507,717.2240655276904,1925
1926-07-13,542.7372985711156,524.7971996718841,506.8571007726524,488.91700187342076,470.97690297418916,453.03680407495756,435.0967051757259,417.15660627649424,399.21650737726264,381.27640847803104,363.3363095787994,345.3962106795678,327.45611178033613,309.51601288110453,291.5759139818729,273.6358150826413,255.69571618340967,237.75561728417802,219.81551838494642,201.87541948571476,183.93532058648316,165.9952216872515,148.05512278801984,130.1150238887883,112.17492498955664,94.23482609032499,76.29472719109344,58.354628291861786,40.41452939263013,22.474430493398472,1926-07-13,13,0.506,572.3936998626923,7,1926,-17.940098899231625,686.2580897649686,1925
1926-07-14,539.2585951788408,524.6479770450444,510.0373589112479,495.4267407774515,480.8161226436551,466.20550450985866,451.5948863760623,436.9842682422659,422.37365010846946,407.763031974673,393.15241384087665,378.5417957070802,363.93117757328383,349.3205594394874,334.709941305691,320.0993231718946,305.48870503809815,290.87808690430177,276.26746877050533,261.65685063670895,247.04623250291252,232.43561436911614,217.8249962353197,203.21437810152332,188.6037599677269,173.99314183393045,159.38252370013407,144.77190556633764,130.16128743254126,115.55066929874488,1926-07-14,14,0.517,560.6291114137188,7,1926,-14.610618133796411,656.143540249212,1925
1926-07-15,536.3281301451256,524.7549044826137,513.1816788201019,501.60845315759,490.0352274950782,478.4620018325664,466.88877617005454,455.31555050754275,443.7423248450309,432.16909918251906,420.5958735200072,409.0226478574954,397.4494221949835,385.8761965324717,374.3029708699599,362.72974520744805,351.1565195449362,339.58329388242436,328.01006821991257,316.4368425574007,304.8636168948889,293.29039123237703,281.71716556986524,270.1439399073534,258.57071424484155,246.9974885823297,235.42426291981786,223.85103725730607,212.27781159479423,200.70458593228238,1926-07-15,15,0.522,549.5304979237502,7,1926,-11.573225662511833,628.9139354452202,1925
1926-07-16,515.9753340155784,502.83114316983455,489.6869523240907,476.54276147834696,463.39857063260314,450.2543797868593,437.11018894111555,423.96599809537173,410.8218072496279,397.6776164038841,384.53342555814027,371.3892347123965,358.2450438666527,345.10085302090886,331.9566621751651,318.81247132942127,305.66828048367745,292.5240896379336,279.3798987921898,266.23570794644604,253.09151710070222,239.9473262549584,226.80313540921463,213.6589445634708,200.514753717727,187.37056287198317,174.22637202623935,161.08218118049558,147.93799033475176,134.79379948900794,1926-07-16,16,0.54,520.0614304757682,7,1926,-13.144190845743807,621.1288607815288,1925
1926-07-17,502.2002539639682,488.93978808854547,475.6793222131228,462.41885633770016,449.15839046227745,435.8979245868548,422.63745871143215,409.37699283600944,396.1165269605868,382.85606108516413,369.5955952097414,356.33512933431876,343.0746634588961,329.8141975834734,316.55373170805075,303.2932658326281,290.0327999572054,276.77233408178273,263.5118682063601,250.25140233093742,236.9909364555147,223.73047058009206,210.4700047046694,197.2095388292467,183.94907295382404,170.6886070784014,157.42814120297868,144.16767532755603,130.90720945213337,117.64674357671066,1926-07-17,17,0.545,514.8470775482588,7,1926,-13.260465875422671,608.2839809673495,1925
1926-07-18,488.3515646883573,474.95608261330153,461.5606005382458,448.16511846318997,434.76963638813424,421.37415431307846,407.9786722380227,394.58319016296696,381.1877080879111,367.7922260128554,354.3967439377996,341.00126186274383,327.60577978768805,314.21029771263227,300.8148156375765,287.41933356252076,274.023851487465,260.6283694124092,247.23288733735342,233.83740526229764,220.44192318724185,207.04644111218613,193.65095903713035,180.25547696207457,166.8599948870188,153.464512811963,140.06903073690722,126.67354866185144,113.27806658679572,99.88258451173994,1926-07-18,18,0.55,501.46755475881315,7,1926,-13.395482075055773,595.5154212888035,1925
1926-07-19,476.82954219648497,463.3156550259832,449.8017678554814,436.2878806849796,422.7739935144778,409.260106343976,395.7462191734743,382.2323320029725,368.7184448324707,355.2045576619689,341.69067049146713,328.17678332096534,314.66289615046355,301.14900897996176,287.63512180946,274.1212346389582,260.6073474684564,247.0934602979546,233.57957312745282,220.06568595695109,206.5517987864493,193.0379116159475,179.52402444544572,166.01013727494393,152.49625010444214,138.98236293394035,125.46847576343856,111.95458859293677,98.44070142243498,84.9268142519332,1926-07-19,19,0.555,497.26626416644274,7,1926,-13.513887170501784,584.9406395604992,1925
1926-07-20,472.21089366937497,460.4252979615526,448.6397022537302,436.8541065459078,425.06851083808544,413.28291513026306,401.4973194224407,389.7117237146183,377.9261280067959,366.14053229897354,354.35493659115116,342.5693408833288,330.7837451755064,318.998149467684,307.21255375986163,295.42695805203925,283.6413623442169,271.8557666363945,260.0701709285721,248.28457522074973,236.49897951292735,224.71338380510497,212.9277880972826,201.1421923894602,189.35659668163782,177.57100097381544,165.78540526599306,153.99980955817068,142.2142138503483,130.42861814252592,1926-07-20,20,0.5579999999999999,491.6709992178998,7,1926,-11.785595707822381,566.495659331954,1925
1926-07-21,463.64695706564464,452.8353629266887,442.02376878773276,431.2121746487768,420.4005805098209,409.5889863708649,398.77739223190895,387.96579809295304,377.1542039539971,366.34260981504116,355.5310156760852,344.7194215371293,333.90782739817337,323.0962332592174,312.28463912026143,301.4730449813055,290.66145084234955,279.84985670339364,269.0382625644377,258.22666842548176,247.4150742865258,236.60348014756988,225.79188600861391,214.980291869658,204.16869773070204,193.35710359174607,182.54550945279016,171.7339153138342,160.92232117487828,150.1107270359223,1926-07-21,21,0.578,473.4095112593456,7,1926,-10.811594138955941,550.1397101772922,1925
1926-07-22,460.50409905518575,451.7680418081614,443.03198456113705,434.2959273141127,425.55987006708835,416.82381282006406,408.08775557303966,399.35169832601537,390.615641078991,381.87958383196667,373.1435265849424,364.407469337918,355.6714120908937,346.93535484386933,338.199297596845,329.4632403498207,320.7271831027963,311.991125855772,303.25506860874765,294.5190113617233,285.78295411469895,277.0468968676746,268.3108396206503,259.57478237362596,250.83872512660162,242.10266787957727,233.36661063255292,224.63055338552863,215.89449613850428,207.15843889147993,1926-07-22,22,0.581,469.4154588764537,7,1926,-8.736057247024338,530.3925570313804,1925
1926-07-23,454.0052172823492,445.5889386049483,437.1726599275474,428.7563812501465,420.3401025727456,411.9238238953447,403.5075452179438,395.09126654054285,386.67498786314195,378.25870918574105,369.84243050834016,361.42615183093926,353.00987315353836,344.59359447613747,336.1773157987366,327.7610371213357,319.3447584439348,310.9284797665339,302.512201089133,294.0959224117321,285.6796437343312,277.2633650569303,268.84708637952934,260.43080770212845,252.01452902472755,243.59825034732665,235.18197166992576,226.76569299252486,218.34941431512397,209.93313563772307,1926-07-23,23,0.584,465.61545811645516,7,1926,-8.416278677400902,521.3354467015564,1925
1926-07-24,449.2049978957559,441.5872246806379,433.9694514655199,426.3516782504019,418.7339050352839,411.11613182016583,403.4983586050479,395.8805853899298,388.2628121748118,380.6450389596938,373.02726574457574,365.4094925294578,357.79171931433973,350.1739460992217,342.5561728841037,334.93839966898565,327.3206264538677,319.70285323874964,312.08508002363163,304.4673068085136,296.8495335933956,289.2317603782776,281.61398716315955,273.99621394804154,266.37844073292354,258.76066751780553,251.14289430268752,243.52512108756946,235.90734787245145,228.28957465733345,1926-07-24,24,0.591,458.88738889818484,7,1926,-7.617773215118017,510.1471836167001,1925
1926-07-25,444.3376344014512,437.16919703131265,430.00075966117413,422.83232229103555,415.663884920897,408.4954475507584,401.3270101806198,394.15857281048125,386.99013544034267,379.8216980702041,372.6532607000655,365.48482332992694,358.3163859597884,351.14794858964984,343.97951121951127,336.8110738493727,329.64263647923417,322.4741991090956,315.305761738957,308.13732436881844,300.96888699867986,293.8004496285413,286.6320122584027,279.46357488826413,272.29513751812556,265.126700147987,257.95826277784846,250.78982540770988,243.6213880375713,236.45295066743273,1926-07-25,25,0.595,454.8146066392561,7,1926,-7.168437370138569,501.6851333625598,1925
1926-07-26,441.547946342877,435.3723724795331,429.19679861618926,423.02122475284534,416.8456508895015,410.67007702615757,404.4945031628137,398.3189292994698,392.14335543612594,385.9677815727821,379.7922077094382,373.6166338460943,367.4410599827504,361.26548611940655,355.0899122560627,348.9143383927188,342.73876452937486,336.563190666031,330.38761680268715,324.21204293934323,318.0364690759994,311.86089521265546,305.6853213493116,299.50974748596775,293.33417362262384,287.1585997592799,280.98302589593607,274.8074520325922,268.6318781692483,262.45630430590444,1926-07-26,26,0.598,449.9382695661725,7,1926,-6.175573863343882,490.95253724962805,1925
1926-07-27,438.19058487011796,432.97430306948473,427.7580212688515,422.5417394682182,417.325457667585,412.1091758669518,406.8928940663185,401.67661226568526,396.46033046505204,391.24404866441876,386.02776686378553,380.8114850631523,375.595203262519,370.3789214618858,365.16263966125257,359.9463578606193,354.73007605998606,349.51379425935284,344.29751245871955,339.08123065808627,333.8649488574531,328.6486670568198,323.43238525618654,318.21610345555337,312.9998216549201,307.7835398542868,302.56725805365363,297.35097625302035,292.13469445238707,286.9184126517539,1926-07-27,27,0.608,441.30929115268907,7,1926,-5.216281800633245,479.92083927518394,1925
1926-07-28,430.3809838461194,424.5975143026548,418.81404475919027,413.0305752157257,407.2471056722611,401.46363612879657,395.680166585332,389.89669704186747,384.11322749840286,378.3297579549383,372.54628841147377,366.76281886800916,360.9793493245446,355.19587978108007,349.4124102376155,343.6289406941509,337.84547115068636,332.06200160722176,326.2785320637572,320.49506252029266,314.7115929768281,308.92812343336357,303.14465388989896,297.3611843464344,291.5777148029698,285.79424525950526,280.0107757160407,274.22730617257616,268.4438366291116,262.660367085647,1926-07-28,28,0.611,434.62356089063246,7,1926,-5.783469543464565,476.6487401938359,1925
1926-07-29,422.3021500281421,415.9976864473365,409.69322286653085,403.38875928572526,397.08429570491967,390.7798321241141,384.4753685433085,378.17090496250285,371.86644138169726,365.56197780089167,359.2575142200861,352.9530506392805,346.64858705847485,340.3441234776693,334.03965989686367,327.7351963160581,321.4307327352525,315.12626915444685,308.8218055736413,302.51734199283567,296.2128784120301,289.9084148312245,283.6039512504189,277.2994876696133,270.99502408880767,264.69056050800214,258.3860969271965,252.0816333463909,245.7771697655853,239.4727061847797,1926-07-29,29,0.621,427.45145519615977,7,1926,-6.304463580805598,472.73785867458685,1925
1926-07-30,414.95052981497986,408.39860330452456,401.8466767940693,395.294750283614,388.7428237731587,382.1908972627034,375.63897075224816,369.08704424179285,362.53511773133755,355.9831912208823,349.431264710427,342.8793381999717,336.32741168951645,329.7754851790611,323.22355866860585,316.67163215815054,310.11970564769524,303.56777913724,297.0158526267847,290.4639261163294,283.91199960587414,277.3600730954188,270.80814658496354,264.25622007450824,257.70429356405293,251.1523670535977,244.60044054314238,238.0485140326871,231.4965875222318,224.94466101177653,1926-07-30,30,0.628,421.08307865451246,7,1926,-6.551926510455288,467.36594189862217,1925
1926-07-31,404.8493660862369,397.5115434417288,390.17372079722065,382.83589815271256,375.49807550820447,368.1602528636963,360.8224302191882,353.4846075746801,346.146784930172,338.8089622856639,331.4711396411558,324.13331699664764,316.7954943521396,309.45767170763145,302.11984906312335,294.78202641861526,287.4442037741071,280.106381129599,272.7685584850909,265.43073584058277,258.0929131960747,250.75509055156658,243.41726790705846,236.07944526255037,228.74162261804224,221.40379997353412,214.06597732902603,206.7281546845179,199.3903320400098,192.05250939550172,1926-07-31,31,0.637,410.1843345504634,7,1926,-7.33782264450811,463.55194724230176,1925
1926-08-01,395.1750079485164,387.31161502662235,379.44822210472825,371.5848291828342,363.7214362609401,355.85804333904605,347.99465041715195,340.1312574952579,332.2678645733638,324.40447165146975,316.5410787295757,308.6776858076816,300.8142928857875,292.95089996389345,285.0875070419994,277.2241141201053,269.3607211982112,261.49732827631715,253.63393535442307,245.770542432529,237.90714951063492,230.04375658874085,222.18036366684677,214.3169707449527,206.45357782305862,198.59018490116455,190.7267919792705,182.8633990573764,175.00000613548235,167.13661321358825,1926-08-01,1,0.647,401.81006744201835,8,1926,-7.863392921894074,458.082151323669,1925
1926-08-02,390.9828680933654,383.7903045692605,376.59774104515566,369.40517752105075,362.2126139969459,355.02005047284104,347.8274869487361,340.63492342463127,333.44235990052636,326.2497963764215,319.0572328523166,311.86466932821173,304.6721058041069,297.47954228000197,290.28697875589705,283.09441523179225,275.90185170768734,268.70928818358243,261.5167246594776,254.3241611353727,247.1315976112678,239.93903408716295,232.74647056305807,225.55390703895318,218.3613435148483,211.16877999074342,203.97621646663853,196.78365294253365,189.5910894184288,182.39852589432388,1926-08-02,2,0.647,401.81006744201835,8,1926,-7.192563524104879,448.52337628620444,1925
1926-08-03,385.6273118806941,378.7778421268949,371.92837237309567,365.07890261929646,358.22943286549724,351.37996311169803,344.5304933578988,337.6810236040996,330.8315538503004,323.9820840965012,317.13261434270197,310.2831445889028,303.4336748351036,296.5842050813044,289.7347353275052,282.88526557370596,276.03579581990675,269.18632606610754,262.3368563123083,255.4873865585091,248.63791680470987,241.78844705091066,234.93897729711145,228.08950754331224,221.24003778951302,214.3905680357138,207.5410982819146,200.6916285281154,193.84215877431618,186.99268902051696,1926-08-03,3,0.66,394.2137720954318,8,1926,-6.8494697537992115,440.4230699110878,1925
1926-08-04,380.86820699371526,374.4763031982788,368.08439940284234,361.6924956074059,355.3005918119694,348.908688016533,342.51678422109654,336.1248804256601,329.7329766302236,323.34107283478716,316.94916903935075,310.5572652439143,304.1653614484778,297.7734576530414,291.3815538576049,284.9896500621685,278.59774626673203,272.20584247129557,265.81393867585916,259.42203488042264,253.0301310849862,246.63822728954977,240.2463234941133,233.85441969867688,227.46251590324042,221.07061210780395,214.67870831236752,208.28680451693106,201.89490072149462,195.50299692605816,1926-08-04,4,0.662,388.4979798476216,8,1926,-6.391903795436451,432.00343735720685,1925
1926-08-05,378.48996292155334,372.9656154263803,367.4412679312072,361.91692043603416,356.3925729408611,350.86822544568804,345.343877950515,339.8195304553419,334.29518296016886,328.7708354649958,323.24648796982274,317.7221404746497,312.1977929794766,306.67344548430356,301.1490979891305,295.62475049395744,290.1004029987844,284.5760555036113,279.05170800843825,273.5273605132652,268.00301301809213,262.4786655229191,256.954318027746,251.42997053257298,245.90562303739992,240.38127554222686,234.8569280470538,229.33258055188074,223.80823305670768,218.28388556153462,1926-08-05,5,0.667,386.5121702836538,8,1926,-5.52434749517306,422.6847428829378,1925
1926-08-06,376.3569392311014,371.7136326534853,367.07032607586916,362.42701949825306,357.7837129206369,353.1404063430208,348.49709976540464,343.85379318778854,339.2104866101724,334.5671800325563,329.9238734549401,325.280566877324,320.63726029970786,315.99395372209176,311.3506471444756,306.7073405668595,302.0640339892434,297.42072741162724,292.7774208340111,288.134114256395,283.4908076787789,278.8475011011627,274.20419452354656,269.56088794593046,264.91758136831436,260.2742747906982,255.63096821308207,250.98766163546594,246.3443550578498,241.70104848023368,1926-08-06,6,0.6729999999999999,381.4827671297545,8,1926,-4.643306577616129,413.50339185203046,1925
1926-08-07,373.49430895932664,369.26764476880885,365.040980578291,360.8143163877732,356.5876521972554,352.36098800673756,348.13432381621976,343.90765962570197,339.6809954351842,335.4543312446664,331.2276670541485,327.00100286363073,322.77433867311294,318.5476744825951,314.3210102920773,310.0943461015595,305.8676819110417,301.64101772052385,297.41435353000605,293.18768933948826,288.9610251489704,284.7343609584526,280.5076967679348,276.281032577417,272.0543683868992,267.8277041963814,263.6010400058636,259.37437581534573,255.14771162482796,250.92104743431014,1926-08-07,7,0.679,378.47993580928704,8,1926,-4.22666419051781,407.3076224834691,1925
1926-08-08,366.2962493427856,361.43301783170506,356.5697863206246,351.70655480954406,346.8433232984636,341.98009178738306,337.1168602763026,332.25362876522206,327.3903972541416,322.5271657430611,317.6639342319806,312.8007027209001,307.9374712098196,303.0742396987391,298.21100818765865,293.3477766765781,288.4845451654976,283.6213136544171,278.75808214333665,273.8948506322561,269.03161912117565,264.1683876100951,259.30515609901465,254.44192458793415,249.57869307685365,244.71546156577315,239.85223005469265,234.98899854361215,230.12576703253166,225.26253552145118,1926-08-08,8,0.6890000000000001,369.2475351019857,8,1926,-4.863231511080496,405.2021014314295,1925
1926-08-09,357.090637385513,351.50515938587586,345.91968138623866,340.33420338660153,334.74872538696434,329.16324738732715,323.57776938769,317.9922913880528,312.4068133884157,306.8213353887785,301.2358573891413,295.65037938950417,290.064901389867,284.47942339022984,278.89394539059265,273.30846739095546,267.7229893913183,262.13751139168113,256.552033392044,250.9665553924068,245.38107739276964,239.79559939313248,234.21012139349529,228.62464339385812,223.03916539422096,217.4536873945838,211.86820939494663,206.28273139530944,200.69725339567228,195.1117753960351,1926-08-09,9,0.7040000000000001,357.5936854206976,8,1926,-5.585477999637169,401.77446138261035,1925
1926-08-10,348.9625501097711,342.7768821653929,336.59121422101475,330.40554627663664,324.2198783322584,318.0342103878803,311.84854244350214,305.662874499124,299.4772065547458,293.29153861036764,287.10587066598947,280.9202027216113,274.7345347772332,268.54886683285497,262.36319888847686,256.1775309440987,249.99186299972052,243.80619505534236,237.6205271109642,231.43485916658605,225.24919122220788,219.06352327782972,212.87785533345158,206.6921873890734,200.50651944469524,194.32085150031708,188.1351835559389,181.94951561156077,175.7638476671826,169.57817972280444,1926-08-10,10,0.7070000000000001,354.1224796179856,8,1926,-6.18566794437816,398.44789366479637,1925
1926-08-11,344.11216508174556,337.94159731713376,331.7710295525219,325.6004617879101,319.42989402329823,313.25932625868643,307.08875849407457,300.91819072946276,294.7476229648509,288.5770552002391,282.40648743562724,276.23591967101544,270.0653519064036,263.8947841417918,257.7242163771799,251.5536486125681,245.38308084795628,239.21251308334445,233.04194531873262,226.87137755412078,220.70080978950895,214.53024202489712,208.3596742602853,202.18910649567346,196.01853873106162,189.8479709664498,183.67740320183796,177.50683543722613,171.3362676726143,165.16569990800247,1926-08-11,11,0.7070000000000001,354.1224796179856,8,1926,-6.170567764611831,393.4767071986402,1925
1926-08-12,337.55168712335285,331.25838812550865,324.96508912766456,318.6717901298204,312.37849113197626,306.0851921341321,299.79189313628797,293.4985941384438,287.2052951405997,280.9119961427555,274.6186971449114,268.32539814706723,262.0320991492231,255.73880015137897,249.44550115353482,243.15220215569067,236.85890315784653,230.56560416000238,224.27230516215823,217.9790061643141,211.68570716646997,205.39240816862582,199.09910917078167,192.80581017293753,186.51251117509338,180.21921217724923,173.9259131794051,167.63261418156094,161.3393151837168,155.04601618587267,1926-08-12,12,0.72,344.0252991054098,8,1926,-6.293298997844143,387.89807910610597,1925
1926-08-13,334.9053036958951,329.2881755563417,323.67104741678827,318.05391927723485,312.43679113768144,306.819662998128,301.2025348585746,295.5854067190212,289.9682785794678,284.35115043991436,278.73402230036095,273.11689416080753,267.4997660212541,261.8826378817007,256.2655097421473,250.64838160259384,245.03125346304043,239.414125323487,233.7969971839336,228.17986904438018,222.56274090482677,216.94561276527335,211.32848462571994,205.71135648616652,200.0942283466131,194.4771002070597,188.85997206750628,183.24284392795286,177.62571578839945,172.00858764884603,1926-08-13,13,0.72,344.0252991054098,8,1926,-5.617128139553416,379.8423288123224,1925
1926-08-14,335.0770731961926,330.8112843101436,326.5454954240946,322.2797065380456,318.0139176519966,313.7481287659477,309.4823398798987,305.2165509938497,300.9507621078007,296.68497322175176,292.41918433570277,288.1533954496538,283.8876065636048,279.6218176775558,275.3560287915068,271.09023990545785,266.82445101940885,262.55866213335986,258.29287324731087,254.0270843612619,249.76129547521293,245.49550658916394,241.22971770311494,236.96392881706598,232.69813993101698,228.432351044968,224.16656215891902,219.90077327287003,215.63498438682106,211.36919550077207,1926-08-14,14,0.725,341.84482321324555,8,1926,-4.265788886048983,369.20338428458444,1925
1926-08-15,333.97759322253887,330.5748584890297,327.1721237555205,323.76938902201124,320.36665428850205,316.96391955499286,313.5611848214836,310.1584500879744,306.7557153544652,303.352980620956,299.9502458874468,296.54751115393753,293.14477642042834,289.74204168691915,286.33930695340996,282.9365722199007,279.5338374863915,276.13110275288227,272.7283680193731,269.3256332858639,265.9228985523547,262.52016381884545,259.11742908533625,255.71469435182703,252.31195961831781,248.90922488480862,245.5064901512994,242.10375541779018,238.701020684281,235.29828595077177,1926-08-15,15,0.731,337.38565901529654,8,1926,-3.402734733509211,361.1994710906126,1925
1926-08-16,330.8203303452177,327.4509309012183,324.08153145721894,320.7121320132196,317.34273256922023,313.97333312522085,310.60393368122146,307.2345342372221,303.86513479322275,300.49573534922337,297.126335905224,293.75693646122465,290.38753701722527,287.0181375732259,283.6487381292265,280.2793386852271,276.9099392412278,273.5405397972284,270.171140353229,266.80174090922964,263.43234146523025,260.0629420212309,256.69354257723154,253.32414313323216,249.9547436892328,246.58534424523344,243.21594480123406,239.84654535723467,236.47714591323532,233.10774646923596,1926-08-16,16,0.7340000000000001,334.5594571731722,8,1926,-3.369399443999371,357.7755258972127,1925
1926-08-17,326.9848562736868,323.5103399098236,320.0358235459604,316.56130718209715,313.08679081823396,309.6122744543708,306.1377580905076,302.6632417266444,299.18872536278116,295.71420899891797,292.2396926350548,288.76517627119154,285.29065990732835,281.81614354346516,278.34162717960197,274.8671108157388,271.39259445187554,267.91807808801235,264.44356172414916,260.969045360286,257.4945289964228,254.02001263255954,250.54549626869635,247.07097990483317,243.59646354096995,240.12194717710673,236.64743081324355,233.17291444938036,229.69839808551714,226.22388172165395,1926-08-17,17,0.7440000000000001,330.2174348734584,8,1926,-3.4745163638632013,354.7809871845924,1925
1926-08-18,323.26133218175926,319.91612741871245,316.5709226556657,313.2257178926189,309.88051312957214,306.5353083665253,303.1901036034786,299.84489884043177,296.499694077385,293.1544893143382,289.80928455129146,286.46407978824465,283.1188750251979,279.7736702621511,276.42846549910433,273.0832607360575,269.7380559730108,266.39285120996396,263.0476464469172,259.7024416838704,256.35723692082365,253.01203215777684,249.6668273947301,246.32162263168328,242.97641786863653,239.63121310558972,236.28600834254297,232.94080357949616,229.5955988164494,226.2503940534026,1926-08-18,18,0.754,324.43708615163195,8,1926,-3.3452047630467807,350.0229702861335,1925
1926-08-19,319.45121550820676,315.8530606108354,312.25490571346404,308.65675081609265,305.05859591872127,301.4604410213499,297.8622861239785,294.2641312266071,290.6659763292358,287.0678214318644,283.469666534493,279.8715116371216,276.2733567397502,272.6752018423789,269.0770469450075,265.4788920476361,261.88073715026474,258.28258225289335,254.68442735552196,251.0862724581506,247.48811756077922,243.88996266340786,240.29180776603647,236.69365286866508,233.0954979712937,229.49734307392234,225.89918817655095,222.3010332791796,218.7028783818082,215.10472348443682,1926-08-19,19,0.754,324.43708615163195,8,1926,-3.5981548973713777,348.2364546871778,1925
1926-08-20,316.689891532615,313.21032989030243,309.7307682479899,306.25120660567734,302.77164496336485,299.2920833210523,295.81252167873976,292.3329600364272,288.8533983941147,285.3738367518022,281.8942751094896,278.4147134671771,274.93515182486453,271.455590182552,267.9760285402395,264.49646689792695,261.0169052556144,257.5373436133019,254.05778197098937,250.57822032867682,247.09865868636427,243.61909704405173,240.1395354017392,236.6599737594267,233.18041211711414,229.7008504748016,226.22128883248908,222.74172719017656,219.26216554786402,215.78260390555147,1926-08-20,20,0.7559999999999999,321.37542013461825,8,1926,-3.479561642312534,344.52638467111524,1925
1926-08-21,314.4092532507455,311.20436475004374,307.99947624934197,304.7945877486402,301.5896992479385,298.3848107472367,295.17992224653494,291.97503374583323,288.77014524513146,285.5652567444297,282.360368243728,279.1554797430262,275.95059124232444,272.7457027416227,269.54081424092095,266.3359257402192,263.13103723951747,259.9261487388157,256.7212602381139,253.51637173741221,250.31148323671044,247.10659473600867,243.90170623530693,240.6968177346052,237.49192923390342,234.28704073320168,231.08215223249994,227.87726373179817,224.67237523109642,221.46748673039468,1926-08-21,21,0.759,318.18950727505813,8,1926,-3.204888500701752,340.0483612563595,1925
1926-08-22,311.8705740608315,308.82448644712986,305.7783988334282,302.73231121972657,299.68622360602495,296.6401359923233,293.59404837862166,290.54796076492005,287.50187315121843,284.45578553751676,281.40969792381514,278.36361031011353,275.31752269641186,272.27143508271024,269.2253474690086,266.179259855307,263.13317224160534,260.0870846279037,257.0409970142021,253.99490940050046,250.94882178679882,247.9027341730972,244.85664655939556,241.8105589456939,238.7644713319923,235.71838371829068,232.67229610458904,229.6262084908874,226.58012087718578,223.53403326348413,1926-08-22,22,0.765,315.16847984989465,8,1926,-3.0460876137016317,336.2392749704445,1925
1926-08-23,309.17458072467593,306.279527651541,303.3844745784061,300.48942150527125,297.5943684321363,294.69931535900145,291.80426228586657,288.90920921273164,286.01415613959676,283.11910306646183,280.22404999332696,277.3289969201921,274.43394384705715,271.5388907739223,268.64383770078734,265.74878462765247,262.8537315545176,259.95867848138266,257.0636254082478,254.16857233511288,251.27351926197798,248.3784661888431,245.48341311570817,242.5883600425733,239.6933069694384,236.7982538963035,233.90320082316862,231.0081477500337,228.1130946768988,225.2180416037639,1926-08-23,23,0.767,311.45853668421523,8,1926,-2.895053073134897,332.3350053097551,1925
1926-08-24,302.89770460836337,299.41715237943504,295.93660015050676,292.45604792157843,288.97549569265016,285.4949434637218,282.01439123479355,278.5338390058652,275.05328677693694,271.5727345480086,268.09218231908034,264.611630090152,261.13107786122373,257.6505256322954,254.16997340336712,250.6894211744388,247.2088689455105,243.72831671658219,240.24776448765388,236.76721225872558,233.28666002979728,229.80610780086897,226.32555557194067,222.84500334301237,219.36445111408406,215.88389888515576,212.40334665622746,208.92279442729915,205.44224219837085,201.96168996944255,1926-08-24,24,0.7809999999999999,302.6732784214865,8,1926,-3.480552228928304,330.7421224397898,1925
1926-08-25,296.09532513683985,291.81540004622303,287.5354749556062,283.25554986498946,278.9756247743727,274.6956996837559,270.4157745931391,266.1358495025223,261.8559244119055,257.57599932128875,253.29607423067193,249.01614914005515,244.73622404943836,240.45629895882158,236.1763738682048,231.896448777588,227.61652368697122,223.3365985963544,219.05667350573765,214.77674841512084,210.49682332450408,206.21689823388726,201.93697314327048,197.6570480526537,193.3771229620369,189.09719787142012,184.81727278080334,180.53734769018655,176.25742259956976,171.97749750895298,1926-08-25,25,0.785,299.2028699782439,8,1926,-4.279925090616788,330.33472586177413,1925
1926-08-26,290.64921633831773,286.0495246387483,281.449832939179,276.85014123960957,272.2504495400402,267.6507578404709,263.05106614090147,258.4513744413321,253.85168274176274,249.25199104219337,244.65229934262402,240.0526076430546,235.45291594348527,230.8532242439159,226.2535325443465,221.65384084477716,217.05414914520776,212.4544574456384,207.85476574606903,203.25507404649966,198.65538234693028,194.0556906473609,189.45599894779156,184.85630724822218,180.2566155486528,175.65692384908343,171.05723214951405,166.4575404499447,161.85784875037533,157.25815705080595,1926-08-26,26,0.789,295.26778961264966,8,1926,-4.599691699569371,327.4467499348727,1925
1926-08-27,286.9390258155471,282.41413820533467,277.8892505951223,273.36436298490986,268.83947537469743,264.31458776448505,259.7897001542726,255.2648125440602,250.7399249338478,246.21503732363539,241.69014971342295,237.16526210321052,232.64037449299812,228.11548688278572,223.5905992725733,219.06571166236088,214.54082405214848,210.01593644193605,205.49104883172362,200.96616122151121,196.4412736112988,191.91638600108638,187.39149839087398,182.86661078066155,178.34172317044914,173.81683556023674,169.2919479500243,164.7670603398119,160.24217272959947,155.71728511938707,1926-08-27,27,0.795,293.3095719732292,8,1926,-4.524887610212415,323.13812669724643,1925
1926-08-28,281.9773635733046,277.3440974813381,272.71083138937155,268.07756529740504,263.4442992054385,258.8110331134719,254.17776702150542,249.54450092953886,244.91123483757232,240.2779687456058,235.64470265363923,231.01143656167272,226.37817046970616,221.74490437773963,217.1116382857731,212.47837219380654,207.84510610184003,203.21184000987347,198.57857391790694,193.9453078259404,189.31204173397387,184.67877564200734,180.04550955004078,175.41224345807424,170.7789773661077,166.14571127414118,161.51244518217464,156.87917909020808,152.24591299824155,147.61264690627502,1926-08-28,28,0.8059999999999999,286.4924690684764,8,1926,-4.633266091966538,319.04349230903694,1925
1926-08-29,278.43680845874576,274.05581652709463,269.6748245954435,265.29383266379244,260.9128407321413,256.53184880049025,252.15085686883913,247.76986493718803,243.38887300553694,239.00788107388584,234.62688914223475,230.24589721058362,225.86490527893255,221.48391334728143,217.10292141563033,212.72192948397924,208.34093755232814,203.95994562067705,199.57895368902595,195.19796175737486,190.81696982572373,186.43597789407266,182.05498596242154,177.67399403077044,173.29300209911935,168.91201016746825,164.53101823581716,160.15002630416606,155.76903437251497,151.38804244086384,1926-08-29,29,0.8140000000000001,283.3209175591498,8,1926,-4.380991931651099,313.4847439119545,1925
1926-08-30,275.3550282013025,271.36481250255986,267.3745968038172,263.38438110507457,259.3941654063319,255.40394970758928,251.41373400884663,247.423518310104,243.43330261136134,239.4430869126187,235.45287121387605,231.4626555151334,227.47243981639076,223.48222411764812,219.49200841890547,215.50179272016283,211.51157702142015,207.5213613226775,203.53114562393486,199.54092992519222,195.55071422644957,191.56049852770693,187.57028282896428,183.58006713022164,179.589851431479,175.59963573273635,171.6094200339937,167.61920433525106,163.6289886365084,159.63877293776576,1926-08-30,30,0.8250000000000001,278.94434036067554,8,1926,-3.990215698742646,307.27675379124366,1925
1926-08-31,270.64996717332644,266.48738924591413,262.3248113185018,258.1622333910895,253.99965546367721,249.83707753626493,245.6744996088526,241.5119216814403,237.349343754028,233.18676582661573,229.0241878992034,224.8616099717911,220.6990320443788,216.5364541169665,212.3738761895542,208.2112982621419,204.04872033472958,199.8861424073173,195.723564479905,191.5609865524927,187.39840862508038,183.23583069766806,179.07325277025578,174.9106748428435,170.74809691543118,166.58551898801886,162.42294106060658,158.26036313319426,154.09778520578197,149.93520727836966,1926-08-31,31,0.8290000000000001,274.56399362840483,8,1926,-4.162577927412302,303.95059059262485,1925
1926-09-01,268.4732003544011,264.6463905918946,260.81958082938803,256.9927710668815,253.165961304375,249.33915154186846,245.51234177936192,241.6855320168554,237.85872225434886,234.03191249184232,230.2051027293358,226.3782929668293,222.55148320432275,218.7246734418162,214.8978636793097,211.07105391680318,207.24424415429664,203.4174343917901,199.59062462928358,195.76381486677704,191.9370051042705,188.11019534176398,184.28338557925747,180.45657581675093,176.62976605424439,172.80295629173787,168.97614652923133,165.14933676672482,161.32252700421827,157.49571724171176,1926-09-01,1,0.8290000000000001,274.56399362840483,9,1926,-3.8268097625065294,299.08767845445334,1925
1926-09-02,266.23164899409886,262.7025077395496,259.1733664850003,255.64422523045104,252.11508397590174,248.58594272135247,245.05680146680317,241.5276602122539,237.99851895770462,234.46937770315532,230.94023644860604,227.41109519405677,223.88195393950747,220.3528126849582,216.82367143040892,213.29453017585962,209.76538892131032,206.23624766676105,202.70710641221177,199.17796515766247,195.6488239031132,192.11968264856392,188.59054139401462,185.06140013946535,181.53225888491608,178.00311763036677,174.47397637581747,170.94483512126823,167.41569386671893,163.88655261216965,1926-09-02,2,0.841,271.2422118677317,9,1926,-3.5291412545492844,294.46477903049316,1925
1926-09-03,266.5830868947478,263.92992511912854,261.27676334350923,258.62360156789,255.97043979227067,253.3172780166514,250.6641162410321,248.01095446541282,245.35779268979354,242.70463091417423,240.05146913855495,237.39830736293567,234.7451455873164,232.0919838116971,229.4388220360778,226.78566026045854,224.13249848483923,221.47933670921995,218.82617493360067,216.1730131579814,213.5198513823621,210.8666896067428,208.21352783112354,205.56036605550423,202.90720427988495,200.25404250426567,197.60088072864636,194.9477189530271,192.2945571774078,189.64139540178851,1926-09-03,3,0.841,271.2422118677317,9,1926,-2.653161775619286,287.8083810997021,1925
1926-09-04,264.81372375158566,262.4098523285767,260.0059809055677,257.6021094825587,255.1982380595497,252.79436663654073,250.39049521353172,247.98662379052274,245.58275236751376,243.17888094450475,240.77500952149578,238.37113809848677,235.9672666754778,233.5633952524688,231.1595238294598,228.75565240645082,226.3517809834418,223.94790956043283,221.54403813742385,219.14016671441485,216.73629529140584,214.33242386839686,211.92855244538788,209.5246810223789,207.1208095993699,204.71693817636088,202.3130667533519,199.90919533034292,197.50532390733395,195.10145248432494,1926-09-04,4,0.85,267.1267971932527,9,1926,-2.403871423008991,284.0446951356576,1925
1926-09-05,264.45164880088697,262.5356200818425,260.619591362798,258.70356264375357,256.78753392470907,254.87150520566462,252.95547648662014,251.0394477675757,249.12341904853122,247.20739032948674,245.29136161044227,243.37533289139782,241.45930417235334,239.54327545330887,237.6272467342644,235.7112180152199,233.79518929617547,231.879160577131,229.9631318580865,228.04710313904206,226.1310744199976,224.2150457009531,222.29901698190864,220.38298826286416,218.4669595438197,216.55093082477524,214.63490210573076,212.7188733866863,210.8028446676418,208.88681594859736,1926-09-05,5,0.85,267.1267971932527,9,1926,-1.9160287190444694,279.7798785532427,1925
1926-09-06,259.39114763955354,256.95306099548475,254.5149743514159,252.07688770734708,249.63880106327824,247.20071441920942,244.7626277751406,242.32454113107178,239.88645448700294,237.44836784293412,235.0102811988653,232.57219455479648,230.13410791072766,227.69602126665882,225.25793462259,222.81984797852118,220.38176133445236,217.94367469038355,215.5055880463147,213.06750140224588,210.62941475817706,208.19132811410822,205.75324147003943,203.31515482597058,200.87706818190176,198.43898153783294,196.0008948937641,193.5628082496953,191.12472160562646,188.68663496155764,1926-09-06,6,0.861,258.13845413202347,9,1926,-2.4380866440688242,278.89584079210414,1925
1926-09-07,254.08020524608673,250.98509811652886,247.889990986971,244.79488385741314,241.69977672785527,238.60466959829742,235.50956246873955,232.4144553391817,229.31934820962383,226.22424108006595,223.1291339505081,220.03402682095023,216.93891969139239,213.8438125618345,210.74870543227667,207.6535983027188,204.55849117316092,201.46338404360307,198.36827691404523,195.27316978448735,192.17806265492948,189.08295552537163,185.98784839581376,182.89274126625588,179.79763413669804,176.7025270071402,173.60741987758232,170.51231274802444,167.4172056184666,164.32209848890872,1926-09-07,7,0.862,255.7839704678297,9,1926,-3.095107129557862,278.8410622825496,1925
1926-09-08,249.51756606315945,246.07342407830816,242.62928209345685,239.18514010860554,235.74099812375425,232.29685613890294,228.85271415405163,225.40857216920034,221.96443018434903,218.5202881994977,215.0761462146464,211.6320042297951,208.1878622449438,204.7437202600925,201.29957827524117,197.8554362903899,194.41129430553858,190.96715232068726,187.52301033583598,184.07886835098466,180.63472636613335,177.19058438128206,173.74644239643075,170.30230041157944,166.85815842672815,163.41401644187684,159.96987445702553,156.52573247217424,153.0815904873229,149.6374485024716,1926-09-08,8,0.8690000000000001,252.39849529613048,9,1926,-3.444141984851305,277.0707019419699,1925
1926-09-09,246.69780588741156,243.22171373618048,239.7456215849494,236.2695294337183,232.79343728248722,229.3173451312561,225.84125298002502,222.36516082879393,218.88906867756285,215.41297652633176,211.93688437510065,208.46079222386956,204.98470007263847,201.50860792140736,198.0325157701763,194.5564236189452,191.0803314677141,187.60423931648302,184.1281471652519,180.65205501402085,177.17596286278973,173.69987071155865,170.22377856032756,166.74768640909645,163.2715942578654,159.79550210663427,156.3194099554032,152.8433178041721,149.367225652941,145.8911335017099,1926-09-09,9,0.8690000000000001,252.39849529613048,9,1926,-3.4760921512310916,274.5065430972603,1925
1926-09-10,244.8629820716632,241.70786279094153,238.55274351021984,235.39762422949818,232.2425049487765,229.08738566805485,225.9322663873332,222.7771471066115,219.62202782588983,216.46690854516817,213.3117892644465,210.15666998372484,207.00155070300315,203.8464314222815,200.69131214155982,197.53619286083816,194.3810735801165,191.2259542993948,188.07083501867316,184.91571573795147,181.7605964572298,178.60547717650815,175.45035789578648,172.29523861506482,169.14011933434313,165.9850000536215,162.8298807728998,159.67476149217813,156.51964221145647,153.36452293073478,1926-09-10,10,0.878,249.41120478322944,9,1926,-3.1551192807216686,270.10393631743653,1925
1926-09-11,242.2688296516993,239.2300154171533,236.19120118260733,233.15238694806135,230.1135727135154,227.0747584789694,224.03594424442343,220.99713000987745,217.95831577533147,214.9195015407855,211.8806873062395,208.84187307169356,205.80305883714755,202.7642446026016,199.7254303680556,196.68661613350963,193.64780189896365,190.60898766441767,187.5701734298717,184.5313591953257,181.49254496077975,178.45373072623374,175.4149164916878,172.3761022571418,169.33728802259583,166.29847378804985,163.25965955350387,160.2208453189579,157.1820310844119,154.14321684986595,1926-09-11,11,0.884,245.7111889605859,9,1926,-3.0388142345459777,266.5793435280671,1925
1926-09-12,241.8964299986236,239.58171024183653,237.2669904850495,234.95227072826242,232.63755097147538,230.3228312146883,228.00811145790126,225.6933917011142,223.37867194432715,221.06395218754008,218.74923243075304,216.43451267396597,214.11979291717893,211.80507316039186,209.49035340360481,207.17563364681774,204.8609138900307,202.54619413324363,200.23147437645656,197.91675461966952,195.60203486288248,193.2873151060954,190.97259534930834,188.6578755925213,186.34315583573425,184.02843607894718,181.7137163221601,179.39899656537307,177.08427680858603,174.76955705179896,1926-09-12,12,0.89,244.24535424447362,9,1926,-2.3147197567870568,260.41418805292005,1925
1926-09-13,240.9406608834182,238.88318098667082,236.82570108992346,234.7682211931761,232.71074129642872,230.65326139968136,228.595781502934,226.53830160618662,224.48082170943928,222.4233418126919,220.36586191594455,218.30838201919718,216.25090212244982,214.19342222570245,212.13594232895508,210.07846243220771,208.02098253546035,205.96350263871298,203.90602274196561,201.84854284521828,199.79106294847088,197.73358305172354,195.67610315497618,193.6186232582288,191.56114336148144,189.50366346473407,187.4461835679867,185.38870367123934,183.331223774492,181.2737438777446,1926-09-13,13,0.89,244.24535424447362,9,1926,-2.057479896747364,257.4005000573971,1925
1926-09-14,239.74028200182042,237.87106793961235,236.0018538774043,234.13263981519623,232.26342575298816,230.3942116907801,228.52499762857204,226.655783566364,224.78656950415592,222.91735544194788,221.0481413797398,219.17892731753176,217.3097132553237,215.4404991931156,213.57128513090757,211.70207106869952,209.83285700649145,207.96364294428338,206.09442888207533,204.22521481986726,202.35600075765922,200.48678669545114,198.61757263324307,196.74835857103503,194.87914450882698,193.0099304466189,191.14071638441084,189.2715023222028,187.40228825999475,185.53307419778668,1926-09-14,14,0.895,242.109874929545,9,1926,-1.86921406220806,254.6939944994849,1925
1926-09-15,237.46101789199292,235.4882766245346,233.51553535707623,231.5427940896179,229.57005282215954,227.5973115547012,225.62457028724285,223.65182901978451,221.67908775232615,219.70634648486782,217.73360521740946,215.76086394995113,213.78812268249277,211.81538141503444,209.84264014757608,207.86989888011774,205.89715761265938,203.92441634520105,201.95167507774272,199.97893381028436,198.006192542826,196.03345127536767,194.06071000790934,192.08796874045098,190.11522747299261,188.14248620553428,186.16974493807595,184.1970036706176,182.22426240315923,180.2515211357009,1926-09-15,15,0.9,239.3424082743461,9,1926,-1.9727412674583458,253.2429480316597,1925
1926-09-16,235.34068895928368,233.41079303783636,231.48089711638903,229.5510011949417,227.6211052734944,225.69120935204708,223.76131343059978,221.83141750915246,219.90152158770513,217.9716256662578,216.0417297448105,214.11183382336318,212.1819379019159,210.25204198046856,208.32214605902124,206.3922501375739,204.4623542161266,202.5324582946793,200.60256237323196,198.67266645178466,196.74277053033734,194.81287460889,192.8829786874427,190.9530827659954,189.02318684454806,187.09329092310077,185.16339500165344,183.23349908020612,181.3036031587588,179.3737072373115,1926-09-16,16,0.905,236.356523078857,9,1926,-1.9298959214473166,250.7798563308622,1925
1926-09-17,233.05083528464502,231.08852505783773,229.12621483103047,227.1639046042232,225.20159437741592,223.23928415060863,221.27697392380136,219.3146636969941,217.3523534701868,215.39004324337952,213.42773301657226,211.465422789765,209.5031125629577,207.54080233615042,205.57849210934316,203.6161818825359,201.6538716557286,199.69156142892132,197.72925120211406,195.7669409753068,193.8046307484995,191.84232052169222,189.88001029488495,187.9177000680777,185.9553898412704,183.9930796144631,182.03076938765585,180.0684591608486,178.1061489340413,176.143838707234,1926-09-17,17,0.907,234.28982961083813,9,1926,-1.9623102268072756,248.74931709910322,1925
1926-09-18,227.73980354643544,225.08236941675833,222.4249352870812,219.76750115740407,217.11006702772696,214.45263289804984,211.79519876837273,209.13776463869561,206.4803305090185,203.8228963793414,201.16546224966424,198.50802811998713,195.85059399031002,193.1931598606329,190.5357257309558,187.87829160127868,185.22085747160156,182.56342334192442,179.90598921224733,177.2485550825702,174.59112095289308,171.93368682321596,169.27625269353885,166.61881856386174,163.9613844341846,161.3039503045075,158.64651617483037,155.98908204515325,153.33164791547614,150.67421378579903,1926-09-18,18,0.91,227.9974360734733,9,1926,-2.657434129677118,248.99927658385238,1925
1926-09-19,224.33109305662202,221.40176409631303,218.47243513600404,215.54310617569502,212.61377721538605,209.68444825507703,206.75511929476804,203.82579033445904,200.89646137415005,197.96713241384106,195.03780345353206,192.10847449322307,189.17914553291405,186.24981657260508,183.32048761229606,180.39115865198707,177.46182969167808,174.53250073136908,171.6031717710601,168.67384281075107,165.7445138504421,162.81518489013308,159.8858559298241,156.9565269695151,154.0271980092061,151.0978690488971,148.16854008858812,145.23921112827912,142.3098821679701,139.38055320766114,1926-09-19,19,0.91,227.9974360734733,9,1926,-2.9293289603089967,247.765724739094,1925
1926-09-20,220.16406917775666,216.96573232432385,213.76739547089107,210.56905861745827,207.3707217640255,204.17238491059268,200.9740480571599,197.7757112037271,194.57737435029432,191.3790374968615,188.18070064342874,184.98236378999593,181.78402693656315,178.58569008313034,175.38735322969757,172.18901637626476,168.99067952283195,165.79234266939918,162.5940058159664,159.3956689625336,156.19733210910078,152.998995255668,149.80065840223523,146.60232154880242,143.40398469536962,140.20564784193684,137.00731098850406,133.80897413507125,130.61063728163845,127.41230042820567,1926-09-20,20,0.92,222.60840809988187,9,1926,-3.1983368534327927,245.750764005219,1925
1926-09-21,216.81910875457547,213.56562046792476,210.31213218127405,207.05864389462334,203.80515560797264,200.55166732132193,197.29817903467122,194.0446907480205,190.7912024613698,187.5377141747191,184.28422588806836,181.03073760141768,177.77724931476695,174.52376102811627,171.27027274146553,168.01678445481483,164.76329616816412,161.5098078815134,158.2563195948627,155.002831308212,151.7493430215613,148.49585473491055,145.24236644825987,141.98887816160914,138.73538987495846,135.48190158830772,132.22841330165704,128.9749250150063,125.7214367283556,122.46794844170489,1926-09-21,21,0.924,220.23939209737784,9,1926,-3.2534882866507098,242.84701504778116,1925
1926-09-22,215.41244588376145,212.48954245715612,209.56663903055082,206.6437356039455,203.72083217734018,200.79792875073485,197.87502532412952,194.95212189752422,192.02921847091892,189.1063150443136,186.18341161770826,183.26050819110296,180.33760476449766,177.41470133789232,174.491797911287,171.5688944846817,168.64599105807636,165.72308763147106,162.80018420486573,159.8772807782604,156.9543773516551,154.0314739250498,151.10857049844446,148.18566707183913,145.26276364523383,142.33986021862853,139.4169567920232,136.49405336541787,133.57114993881257,130.64824651220727,1926-09-22,22,0.924,220.23939209737784,9,1926,-2.922903426605317,238.79567329660398,1925
1926-09-23,215.45512024016193,213.11849722342384,210.78187420668576,208.44525118994764,206.10862817320955,203.77200515647147,201.43538213973335,199.09875912299526,196.76213610625717,194.4255130895191,192.088890072781,189.75226705604288,187.4156440393048,185.0790210225667,182.7423980058286,180.4057749890905,178.06915197235242,175.73252895561433,173.39590593887624,171.05928292213812,168.72265990540004,166.38603688866195,164.04941387192383,161.71279085518574,159.37616783844766,157.03954482170957,154.70292180497148,152.36629878823337,150.02967577149528,147.6930527547572,1926-09-23,23,0.924,220.23939209737784,9,1926,-2.336623016738095,234.1481043740667,1925
1926-09-24,216.9145161076227,215.4445433975162,213.97457068740977,212.5045979773033,211.03462526719684,209.56465255709037,208.09467984698392,206.62470713687745,205.154734426771,203.68476171666453,202.21478900655808,200.7448162964516,199.27484358634516,197.80487087623868,196.33489816613223,194.86492545602576,193.39495274591928,191.92498003581284,190.4550073257064,188.98503461559991,187.51506190549344,186.045089195387,184.57511648528055,183.10514377517407,181.6351710650676,180.16519835496115,178.6952256448547,177.22525293474823,175.75528022464175,174.2853075145353,1926-09-24,24,0.924,220.23939209737784,9,1926,-1.4699727101064615,228.67429778847438,1925
1926-09-25,217.68437724670716,216.68394282051807,215.683508394329,214.68307396813992,213.68263954195083,212.68220511576175,211.68177068957266,210.68133626338357,209.68090183719448,208.68046741100542,207.68003298481634,206.67959855862725,205.67916413243816,204.67872970624907,203.67829528006,202.67786085387092,201.67742642768184,200.67699200149275,199.67655757530366,198.67612314911457,197.67568872292549,196.6752542967364,195.67481987054734,194.67438544435825,193.67395101816916,192.67351659198007,191.673082165791,190.67264773960193,189.67221331341284,188.67177888722375,1926-09-25,25,0.924,220.23939209737784,9,1926,-1.0004344261890834,225.68785265621983,1925
1926-09-26,217.88686877529327,217.31885908083967,216.7508493863861,216.18283969193251,215.61482999747895,215.04682030302536,214.4788106085718,213.91080091411823,213.34279121966463,212.77478152521107,212.20677183075748,211.6387621363039,211.07075244185035,210.50274274739675,209.9347330529432,209.3667233584896,208.79871366403603,208.23070396958244,207.66269427512887,207.0946845806753,206.5266748862217,205.95866519176815,205.39065549731455,204.822645802861,204.2546361084074,203.68662641395383,203.11861671950027,202.55060702504667,201.9825973305931,201.41458763613952,1926-09-26,26,0.9279999999999999,217.3069842849817,9,1926,-0.5680096944535769,222.43094633092187,1925
1926-09-27,215.8611294785672,215.06638745015087,214.27164542173455,213.47690339331822,212.6821613649019,211.88741933648558,211.09267730806926,210.29793527965293,209.5031932512366,208.7084512228203,207.91370919440396,207.11896716598764,206.32422513757132,205.529483109155,204.73474108073867,203.93999905232235,203.14525702390603,202.3505149954897,201.55577296707338,200.76103093865706,199.96628891024073,199.1715468818244,198.3768048534081,197.58206282499177,196.78732079657544,195.99257876815912,195.1978367397428,194.40309471132647,193.60835268291015,192.81361065449383,1926-09-27,27,0.9359999999999999,214.77673837375613,9,1926,-0.7947420284163228,222.21906570589778,1925
1926-09-28,213.19073137013754,211.97024560296222,210.74975983578693,209.52927406861164,208.30878830143632,207.08830253426103,205.86781676708574,204.64733099991042,203.42684523273513,202.20635946555984,200.98587369838452,199.76538793120923,198.54490216403394,197.32441639685865,196.10393062968333,194.88344486250804,193.66295909533275,192.44247332815743,191.22198756098214,190.00150179380685,188.78101602663156,187.56053025945624,186.34004449228095,185.11955872510566,183.89907295793034,182.67858719075505,181.45810142357976,180.23761565640444,179.01712988922915,177.79664412205386,1926-09-28,28,0.939,213.46743002362155,9,1926,-1.220485767175299,222.95461750753992,1925
1926-09-29,208.1078132017273,206.0697001316338,204.03158706154028,201.99347399144676,199.95536092135325,197.91724785125973,195.87913478116621,193.8410217110727,191.80290864097918,189.76479557088567,187.72668250079218,185.68856943069866,183.65045636060515,181.61234329051163,179.57423022041812,177.5361171503246,175.49800408023108,173.45989101013757,171.42177794004408,169.38366486995056,167.34555179985705,165.30743872976353,163.26932565967002,161.2312125895765,159.19309951948298,157.15498644938947,155.11687337929595,153.07876030920244,151.04064723910892,149.0025341690154,1926-09-29,29,0.95,207.55252940021649,9,1926,-2.0381130700935133,224.4127177624754,1925
1926-09-30,204.83730399005452,202.43466585622716,200.03202772239976,197.6293895885724,195.22675145474503,192.82411332091763,190.42147518709027,188.01883705326287,185.6161989194355,183.21356078560814,180.81092265178074,178.40828451795338,176.005646384126,173.60300825029861,171.20037011647125,168.79773198264388,166.3950938488165,163.99245571498912,161.58981758116175,159.18717944733436,156.784541313507,154.38190317967963,151.97926504585223,149.57662691202486,147.1739887781975,144.7713506443701,142.36871251054274,139.96607437671537,137.56343624288797,135.16079810906058,1926-09-30,30,0.95,207.55252940021649,9,1926,-2.402638133827377,224.05840906067354,1925
